Coordinates: 
1.2531625628 0.7235137429 9.9999160620 
3.7594375628 0.7235137429 9.9999160620 
2.5063000628 2.8940115618 9.9999160620 
5.0125750627 2.8940115618 9.9999160620 
5.0125249373 1.4469840759 12.0463500000 
2.5062499373 1.4469840759 12.0463500000 
6.2656624373 3.6174818948 12.0463500000 
3.7593874373 3.6174818948 12.0463500000 
5.0112216742 0.0031689268 14.0392981440 
2.5071772590 0.0013891186 14.0421892680 
6.2639080447 2.1694993899 14.0376116550 
3.7609663905 2.1681536812 14.0366479470 

Crystal Axes: 
5.01255000000000 0.00000000000000 0.00000000000000
2.50627500000000 4.34099563773969 0.00000000000000
0.00000000000000 0.00000000000000 24.09270000000000
