Coordinates: 
1.2946683929 0.7474771451 9.9999885420 
3.8839533929 0.7474771451 9.9999885420 
2.5893108929 2.9898637328 9.9999885420 
5.1785958928 2.9898637328 9.9999885420 
5.1785441072 1.4949094425 12.1141500000 
2.5892591072 1.4949094425 12.1141500000 
6.4731866072 3.7372960302 12.1141500000 
3.8839016072 3.7372960302 12.1141500000 
2.5894144643 4.4847283275 14.1558688410 
2.5892332143 0.0063683779 14.1711326700 
1.3002612485 2.2392023987 14.1713749530 
3.8783605372 2.2392920941 14.1711326700

Crystal Axes: 
5.17857000000000 0.00000000000000 0.00000000000000
2.58928500000000 4.48477317527598 0.00000000000000
0.00000000000000 0.00000000000000 24.22830000000000 
