Order: 
['Ag', 'Ag', 'Ir', 'Ir', 'Ag', 'Ag', 'Ir', 'Ir', 'Ag', 'Ag', 'Ir', 'Ir'] 
Coordinates: 
0.0000000 0.0000000 10.0000000
2.7117192 0.0000000 10.0000000
1.3558596 2.6176542 10.0000000
-1.3558596 2.6176542 10.0000000
2.7117192 1.4045822 12.3196055
-0.0000000 1.4045822 12.3196055
-1.3558596 4.0222364 12.3196055
1.3558596 4.0222364 12.3196055
0.0003130 2.5637300 14.8943626
2.7120548 2.5637313 14.8943628
1.3562241 5.1202778 14.5398625
-1.3554969 5.1202735 14.5398552

Crystal Axes: 
5.423438 0.000000 0.000000
-2.711719 5.235308 0.000000
0.000000 0.000000 24.639211
