Order: 
['Ag', 'Ag', 'Os', 'Os', 'Ag', 'Ag', 'Os', 'Os', 'Ag', 'Ag', 'Os', 'Os'] 
Coordinates: 
0.0000000 0.0000000 10.0000000
2.6526591 0.0000000 10.0000000
1.3263296 2.6672421 10.0000000
-1.3263296 2.6672421 10.0000000
2.6526591 1.3190780 12.3014417
0.0000000 1.3190780 12.3014417
-1.3263296 3.9863200 12.3014417
1.3263296 3.9863200 12.3014417
0.0020270 0.3397652 14.9196032
2.6529781 0.3396771 14.9196325
1.3275730 3.0909683 14.4495052
-1.3251147 3.0911127 14.4486565

Crystal Axes: 
5.305318 0.000000 0.000000
-2.652659 5.334484 0.000000
0.000000 0.000000 24.602883
