Order: 
['Ag', 'Ag', 'Ta', 'Ta', 'Ag', 'Ag', 'Ta', 'Ta', 'Ag', 'Ag', 'Ta', 'Ta'] 
Coordinates: 
0.0000000 0.0000000 10.0000000
2.8400981 0.0000000 10.0000000
1.4200490 2.6334157 10.0000000
-1.4200490 2.6334157 10.0000000
2.8400981 1.5315009 12.3917905
0.0000000 1.5315009 12.3917905
-1.4200490 4.1649166 12.3917905
1.4200490 4.1649166 12.3917905
0.0000005 3.0694153 14.8630436
2.8400981 3.0694164 14.8630442
4.2601470 0.3939203 14.6445446
1.4200496 0.3939201 14.6445446

Crystal Axes: 
5.680196 0.000000 0.000000
-2.840098 5.266831 0.000000
0.000000 0.000000 24.783581
