Order: 
['Ag', 'Ag', 'Hg', 'Hg', 'Ag', 'Ag', 'Hg', 'Hg', 'Ag', 'Ag', 'Hg', 'Hg'] 
Coordinates: 
0.0000000 0.0000000 10.0000000
4.4674895 2.7658986 10.0000000
3.0899521 0.0000000 10.0000000
1.3775374 2.7658986 10.0000000
6.1799042 3.8260836 12.5546433
1.7124147 1.0601850 12.5546433
3.0899521 3.8260836 12.5546433
4.8023668 1.0601850 12.5546433
3.3949760 2.1019084 15.0806362
7.8624891 4.8677809 15.0806271
6.5145913 2.1202662 15.5264289
4.8021846 4.8861512 15.5263909

Crystal Axes: 
6.179904 0.000000 0.000000
2.755075 5.531797 0.000000
0.000000 0.000000 25.109287
