Order: 
['Ag', 'Ag', 'Hf', 'Hf', 'Ag', 'Ag', 'Hf', 'Hf', 'Ag', 'Ag', 'Hf', 'Hf'] 
Coordinates: 
0.0000000 0.0000000 10.0000000
3.0081830 0.0000000 10.0000000
1.5040915 2.6599868 10.0000000
-1.5040915 2.6599868 10.0000000
3.0081830 1.7009793 12.4810954
0.0000000 1.7009793 12.4810954
-1.5040915 4.3609661 12.4810954
1.5040915 4.3609661 12.4810954
0.0000035 3.4886659 15.0061479
3.0081772 3.4886631 15.0061464
4.5122717 0.8295712 14.8509347
1.5040918 0.8295604 14.8509198

Crystal Axes: 
6.016366 0.000000 0.000000
-3.008183 5.319974 0.000000
0.000000 0.000000 24.962191
