Order: 
['Ag', 'Ag', 'Pt', 'Pt', 'Ag', 'Ag', 'Pt', 'Pt', 'Ag', 'Ag', 'Pt', 'Pt'] 
Coordinates: 
0.0000000 0.0000000 10.0000000
2.8148412 0.0000000 10.0000000
1.4074206 2.5737434 10.0000000
-1.4074206 2.5737434 10.0000000
2.8148412 1.5392621 12.3566933
0.0000000 1.5392621 12.3566933
-1.4074206 4.1130055 12.3566933
1.4074206 4.1130055 12.3566933
-0.0000014 2.9842212 14.8362578
2.8148400 2.9842213 14.8362586
4.2222612 0.3730156 14.6432321
1.4074199 0.3730152 14.6432319

Crystal Axes: 
5.629682 0.000000 0.000000
-2.814841 5.147487 0.000000
0.000000 0.000000 24.713387
