Order: 
['Ag', 'Ag', 'Au', 'Au', 'Ag', 'Ag', 'Au', 'Au', 'Ag', 'Ag', 'Au', 'Au'] 
Coordinates: 
0.0000000 0.0000000 10.0000000
2.9609422 0.0000000 10.0000000
1.4804711 2.5819972 10.0000000
-1.4804711 2.5819972 10.0000000
2.9609422 1.6977514 12.4258645
0.0000000 1.6977514 12.4258645
-1.4804711 4.2797486 12.4258645
1.4804711 4.2797486 12.4258645
0.0000027 3.3995693 14.8930154
2.9609432 3.3995805 14.8930199
4.4414310 0.8325068 14.8671544
1.4804674 0.8325109 14.8671562

Crystal Axes: 
5.921884 0.000000 0.000000
-2.960942 5.163994 0.000000
0.000000 0.000000 24.851729
