Order: 
['Ag', 'Ag', 'Re', 'Re', 'Ag', 'Ag', 'Re', 'Re', 'Ag', 'Ag', 'Re', 'Re'] 
Coordinates: 
0.0000000 0.0000000 10.0000000
2.6541352 0.0000000 10.0000000
1.3270676 2.6643489 10.0000000
-1.3270676 2.6643489 10.0000000
2.6541352 1.3219803 12.3014782
0.0000000 1.3219803 12.3014782
-1.3270676 3.9863292 12.3014782
1.3270676 3.9863292 12.3014782
-0.0009422 2.4583644 14.8882781
2.6550285 2.4583883 14.8882790
1.3270214 5.0537257 14.4691195
-1.3271170 5.0535413 14.4690287

Crystal Axes: 
5.308270 0.000000 0.000000
-2.654135 5.328698 0.000000
0.000000 0.000000 24.602956
