Order: 
['Ag', 'Ag', 'Cd', 'Cd', 'Ag', 'Ag', 'Cd', 'Cd', 'Ag', 'Ag', 'Cd', 'Cd'] 
Coordinates: 
0.0000000 0.0000000 10.0000000
4.3170975 2.7116330 10.0000000
3.0101572 0.0000000 10.0000000
1.3069403 2.7116330 10.0000000
6.0203144 3.7814488 12.4916757
1.7032169 1.0698158 12.4916757
3.0101572 3.7814488 12.4916757
4.7133741 1.0698158 12.4916757
3.3911687 2.1300421 15.0110982
7.7082451 4.8416773 15.0111055
6.4215473 2.1427387 15.2366152
4.7183143 4.8543556 15.2365734

Crystal Axes: 
6.020314 0.000000 0.000000
2.613881 5.423266 0.000000
0.000000 0.000000 24.983351
