Order: 
['Ag', 'Ag', 'W', 'W', 'Ag', 'Ag', 'W', 'W', 'Ag', 'Ag', 'W', 'W'] 
Coordinates: 
0.0000000 0.0000000 10.0000000
2.6998749 0.0000000 10.0000000
1.3499375 2.6690407 10.0000000
-1.3499375 2.6690407 10.0000000
2.6998749 1.3655327 12.3290867
0.0000000 1.3655327 12.3290867
-1.3499375 4.0345734 12.3290867
1.3499375 4.0345734 12.3290867
0.0005763 2.6668301 14.8532545
2.7001324 2.6668308 14.8532553
1.3493990 5.2695551 14.5329257
-1.3504785 5.2695956 14.5329567

Crystal Axes: 
5.399750 0.000000 0.000000
-2.699875 5.338081 0.000000
0.000000 0.000000 24.658173
