Order: 
['Ag', 'Ag', 'Y', 'Y', 'Ag', 'Ag', 'Y', 'Y', 'Ag', 'Ag', 'Y', 'Y'] 
Coordinates: 
0.0000000 0.0000000 10.0000000
4.2326464 2.9916305 10.0000000
3.1735640 0.0000000 10.0000000
1.0590824 2.9916305 10.0000000
6.3471281 4.4861442 12.5915791
2.1144817 1.4945137 12.5915791
3.1735640 4.4861442 12.5915791
5.2880457 1.4945137 12.5915791
4.2288774 2.9889817 15.0545766
8.4620251 5.9809364 15.0547382
7.4033009 2.9895956 15.1697335
5.2888386 5.9812026 15.1697505

Crystal Axes: 
6.347128 0.000000 0.000000
2.118165 5.983261 0.000000
0.000000 0.000000 25.183158
