Order: 
['Au', 'Au', 'Hg', 'Hg', 'Au', 'Au', 'Hg', 'Hg', 'Au', 'Au', 'Hg', 'Hg'] 
Coordinates: 
0.0000000 0.0000000 10.0000000
4.4770460 2.7357444 10.0000000
3.0743752 0.0000000 10.0000000
1.4026708 2.7357444 10.0000000
6.1487504 3.7572563 12.5378752
1.6717043 1.0215119 12.5378752
3.0743752 3.7572563 12.5378752
4.7460795 1.0215119 12.5378752
3.0319086 1.8525777 14.9752342
7.5088479 4.5886607 14.9757650
6.1069716 1.8532182 15.6412183
4.4352147 4.5887306 15.6410063

Crystal Axes: 
6.148750 0.000000 0.000000
2.805342 5.471489 0.000000
0.000000 0.000000 25.075750
