Order: 
['Cd', 'Cd', 'Y', 'Y', 'Cd', 'Cd', 'Y', 'Y', 'Cd', 'Cd', 'Y', 'Y'] 
Coordinates: 
0.0000000 0.0000000 10.0000000
4.4104339 3.0351261 10.0000000
3.2495576 0.0000000 10.0000000
1.1608764 3.0351261 10.0000000
6.4991151 4.4724928 12.6731942
2.0886812 1.4373667 12.6731942
3.2495576 4.4724928 12.6731942
5.3382388 1.4373667 12.6731942
4.2994729 2.9581318 15.3803524
8.7090759 5.9939746 15.3804706
7.5419934 2.9545441 15.3132812
5.4532745 5.9884291 15.3132674

Crystal Axes: 
6.499115 0.000000 0.000000
2.321753 6.070252 0.000000
0.000000 0.000000 25.346388
