Order: 
['Cd', 'Cd', 'Ta', 'Ta', 'Cd', 'Cd', 'Ta', 'Ta', 'Cd', 'Cd', 'Ta', 'Ta'] 
Coordinates: 
0.0000000 0.0000000 10.0000000
2.8724011 0.0000000 10.0000000
1.4362006 2.7383984 10.0000000
-1.4362006 2.7383984 10.0000000
2.8724011 1.5064806 12.4456501
0.0000000 1.5064806 12.4456501
-1.4362006 4.2448790 12.4456501
1.4362006 4.2448790 12.4456501
-0.0000074 2.9156831 15.1515077
2.8723996 2.9156413 15.1514770
4.3085901 0.1174608 14.7784661
1.4361843 0.1174790 14.7784620

Crystal Axes: 
5.744802 0.000000 0.000000
-2.872401 5.476797 0.000000
0.000000 0.000000 24.891300
