Order: 
['Cd', 'Cd', 'Os', 'Os', 'Cd', 'Cd', 'Os', 'Os', 'Cd', 'Cd', 'Os', 'Os'] 
Coordinates: 
0.0000000 0.0000000 10.0000000
2.7744778 0.0000000 10.0000000
1.3872389 2.6388769 10.0000000
-1.3872389 2.6388769 10.0000000
2.7744778 1.4585233 12.3601772
-0.0000000 1.4585233 12.3601772
-1.3872389 4.0974002 12.3601772
1.3872389 4.0974002 12.3601772
-0.0001108 2.5059093 15.2184597
2.7743527 2.5062482 15.2183613
1.3870615 5.0497164 14.4815121
-1.3871014 5.0498067 14.4816635

Crystal Axes: 
5.548956 0.000000 0.000000
-2.774478 5.277754 0.000000
0.000000 0.000000 24.720354
