Order: 
['Cd', 'Cd', 'W', 'W', 'Cd', 'Cd', 'W', 'W', 'Cd', 'Cd', 'W', 'W'] 
Coordinates: 
0.0000000 0.0000000 10.0000000
2.7714825 0.0000000 10.0000000
1.3857412 2.7295286 10.0000000
-1.3857412 2.7295286 10.0000000
2.7714825 1.4070406 12.3877504
0.0000000 1.4070406 12.3877504
-1.3857412 4.1365692 12.3877504
1.3857412 4.1365692 12.3877504
-0.0000277 2.6704223 15.1467873
2.7715563 2.6704361 15.1467136
1.3858295 5.3200424 14.6195964
-1.3856625 5.3200277 14.6195819

Crystal Axes: 
5.542965 0.000000 0.000000
-2.771482 5.459057 0.000000
0.000000 0.000000 24.775501
