Order: 
['Cd', 'Cd', 'Hg', 'Hg', 'Cd', 'Cd', 'Hg', 'Hg', 'Cd', 'Cd', 'Hg', 'Hg'] 
Coordinates: 
0.0000000 0.0000000 10.0000000
4.5938556 3.0648408 10.0000000
3.3192988 0.0000000 10.0000000
1.2745568 3.0648408 10.0000000
6.6385975 4.4290127 12.7445007
2.0447420 1.3641719 12.7445007
3.3192988 4.4290127 12.7445007
5.3640407 1.3641719 12.7445007
4.0964184 2.7329049 15.5750292
8.6902763 5.7980129 15.5748285
7.4214180 2.7367450 15.7319799
5.3766309 5.8016696 15.7319237

Crystal Axes: 
6.638598 0.000000 0.000000
2.549114 6.129682 0.000000
0.000000 0.000000 25.489001
