Order: 
['Cd', 'Cd', 'Ir', 'Ir', 'Cd', 'Cd', 'Ir', 'Ir', 'Cd', 'Cd', 'Ir', 'Ir'] 
Coordinates: 
0.0000000 0.0000000 10.0000000
4.3631858 2.5190891 10.0000000
2.9087920 0.0000000 10.0000000
1.4543938 2.5190891 10.0000000
5.8175841 3.3587872 12.3750194
1.4543983 0.8396981 12.3750194
2.9087920 3.3587872 12.3750194
4.3631903 0.8396981 12.3750194
2.6195840 1.5124386 15.0610264
6.9827828 4.0315207 15.0610341
5.4709635 1.4792585 14.5542263
4.0165511 3.9983795 14.5542142

Crystal Axes: 
5.817584 0.000000 0.000000
2.908788 5.038178 0.000000
0.000000 0.000000 24.750039
