Order: 
['Cd', 'Cd', 'Au', 'Au', 'Cd', 'Cd', 'Au', 'Au', 'Cd', 'Cd', 'Au', 'Au'] 
Coordinates: 
0.0000000 0.0000000 10.0000000
4.1316440 2.7527218 10.0000000
2.9828271 0.0000000 10.0000000
1.1488169 2.7527218 10.0000000
5.9656542 3.9746374 12.4666576
1.8340102 1.2219156 12.4666576
2.9828271 3.9746374 12.4666576
4.8168373 1.2219156 12.4666576
3.6818624 2.4531124 15.1023732
7.8135333 5.2057014 15.1023511
6.6514578 2.4442851 14.9726343
4.8175261 5.1969389 14.9725396

Crystal Axes: 
5.965654 0.000000 0.000000
2.297634 5.505444 0.000000
0.000000 0.000000 24.933315
