Order: 
['Cd', 'Cd', 'Re', 'Re', 'Cd', 'Cd', 'Re', 'Re', 'Cd', 'Cd', 'Re', 'Re'] 
Coordinates: 
0.0000000 0.0000000 10.0000000
2.7309809 0.0000000 10.0000000
1.3654905 2.7177573 10.0000000
-1.3654905 2.7177573 10.0000000
2.7309809 1.3721345 12.3612505
0.0000000 1.3721345 12.3612505
-1.3654905 4.0898918 12.3612505
1.3654905 4.0898918 12.3612505
-0.0005474 2.5114239 15.1595673
2.7313693 2.5114296 15.1596266
1.3655280 5.1145744 14.5410997
-1.3655339 5.1145217 14.5410787

Crystal Axes: 
5.461962 0.000000 0.000000
-2.730981 5.435515 0.000000
0.000000 0.000000 24.722501
