Order: 
['Cd', 'Cd', 'Hf', 'Hf', 'Cd', 'Cd', 'Hf', 'Hf', 'Cd', 'Cd', 'Hf', 'Hf'] 
Coordinates: 
0.0000000 0.0000000 10.0000000
0.0000000 5.4053447 10.0000000
1.5548376 2.7026724 10.0000000
-1.5548376 2.7026724 10.0000000
3.1096752 1.7889849 12.5435434
0.0000000 1.7889849 12.5435434
-1.5548376 4.4916572 12.5435434
1.5548376 4.4916572 12.5435434
0.0000032 3.5581029 15.2370330
3.1096529 3.5580867 15.2370414
4.6645107 0.8550576 15.0021876
1.5548350 0.8550555 15.0021862

Crystal Axes: 
6.219350 0.000000 0.000000
-3.109675 5.405345 0.000000
0.000000 0.000000 25.087087
