Order: 
['Cd', 'Cd', 'Pt', 'Pt', 'Cd', 'Cd', 'Pt', 'Pt', 'Cd', 'Cd', 'Pt', 'Pt'] 
Coordinates: 
0.0000000 0.0000000 10.0000000
4.2040281 2.5877640 10.0000000
2.8984553 0.0000000 10.0000000
1.3055728 2.5877640 10.0000000
5.7969105 3.5682531 12.3948202
1.5928825 0.9804891 12.3948202
2.8984553 3.5682531 12.3948202
4.4913377 0.9804891 12.3948202
3.1865180 1.9614552 14.9466996
7.3905709 4.5492278 14.9467125
6.0774224 1.9567800 14.6831344
4.4845308 4.5445468 14.6831373

Crystal Axes: 
5.796911 0.000000 0.000000
2.611146 5.175528 0.000000
0.000000 0.000000 24.789640
