Order: 
['Co', 'Co', 'Ti', 'Ti', 'Co', 'Co', 'Ti', 'Ti', 'Co', 'Co', 'Ti', 'Ti'] 
Coordinates: 
0.0000000 0.0000000 10.0000000
3.4475373 2.4424936 10.0000000
2.5889913 0.0000000 10.0000000
0.8585459 2.4424936 10.0000000
5.1779827 3.6684707 12.1125234
1.7304454 1.2259771 12.1125234
2.5889913 3.6684707 12.1125234
4.3194367 1.2259771 12.1125234
3.4570891 2.4492618 13.9928040
0.0098277 0.0069616 13.9929184
0.8672334 2.4486108 14.2592213
2.5976436 0.0061676 14.2592200

Crystal Axes: 
5.177983 0.000000 0.000000
1.717092 4.884987 0.000000
0.000000 0.000000 24.225047
