Order: 
['Co', 'Co', 'La', 'La', 'Co', 'Co', 'La', 'La', 'Co', 'Co', 'La', 'La'] 
Coordinates: 
0.0000000 0.0000000 10.0000000
4.1072165 2.9006656 10.0000000
3.0778860 0.0000000 10.0000000
1.0293305 2.9006656 10.0000000
6.1557720 4.3474300 12.5141070
2.0485555 1.4467644 12.5141070
3.0778860 4.3474300 12.5141070
5.1264415 1.4467644 12.5141070
4.0942688 2.8915498 14.6870397
8.2016334 5.7922805 14.6870075
7.1805472 2.8974502 15.0624719
5.1319857 5.7981147 15.0625265

Crystal Axes: 
6.155772 0.000000 0.000000
2.058661 5.801331 0.000000
0.000000 0.000000 25.028214
