Order: 
['Co', 'Co', 'Ir', 'Ir', 'Co', 'Co', 'Ir', 'Ir', 'Co', 'Co', 'Ir', 'Ir'] 
Coordinates: 
0.0000000 0.0000000 10.0000000
3.8628402 2.2894905 10.0000000
2.6099062 0.0000000 10.0000000
1.2529340 2.2894905 10.0000000
5.2198125 3.0937628 12.1435749
1.3569722 0.8042722 12.1435749
2.6099062 3.0937628 12.1435749
3.9668785 0.8042722 12.1435749
2.6307025 1.5592068 14.2452894
6.4935579 3.8487071 14.2452563
5.2699011 1.5764400 14.2842557
3.9128163 3.8661207 14.2842555

Crystal Axes: 
5.219812 0.000000 0.000000
2.505868 4.578981 0.000000
0.000000 0.000000 24.287150
