Order: 
['Co', 'Co', 'Re', 'Re', 'Co', 'Co', 'Re', 'Re', 'Co', 'Co', 'Re', 'Re'] 
Coordinates: 
0.0000000 0.0000000 10.0000000
2.6181861 0.0000000 10.0000000
1.3090930 2.2696038 10.0000000
-1.3090930 2.2696038 10.0000000
2.6181861 1.5101530 12.1387698
0.0000000 1.5101530 12.1387698
-1.3090930 3.7797569 12.1387698
1.3090930 3.7797569 12.1387698
-0.0000020 3.0502408 14.1869540
2.6181875 3.0502363 14.1869834
3.9272821 0.7737371 14.2161394
1.3090900 0.7737382 14.2161404

Crystal Axes: 
5.236372 0.000000 0.000000
-2.618186 4.539208 0.000000
0.000000 0.000000 24.277540
