Order: 
['Co', 'Co', 'Zr', 'Zr', 'Co', 'Co', 'Zr', 'Zr', 'Co', 'Co', 'Zr', 'Zr'] 
Coordinates: 
0.0000000 0.0000000 10.0000000
3.6916363 2.6137785 10.0000000
2.7711311 0.0000000 10.0000000
0.9205052 2.6137785 10.0000000
5.5422622 3.9240717 12.2616298
1.8506259 1.3102933 12.2616298
2.7711311 3.9240717 12.2616298
4.6217570 1.3102933 12.2616298
3.6995143 2.6193308 14.2531924
0.0081539 0.0057983 14.2531031
0.9265405 2.6178345 14.5382865
2.7769674 0.0043496 14.5382887

Crystal Axes: 
5.542262 0.000000 0.000000
1.841010 5.227557 0.000000
0.000000 0.000000 24.523260
