Order: 
['Co', 'Co', 'Au', 'Au', 'Co', 'Co', 'Au', 'Au', 'Co', 'Co', 'Au', 'Au'] 
Coordinates: 
0.0000000 0.0000000 10.0000000
4.0804049 2.4064811 10.0000000
2.7498320 0.0000000 10.0000000
1.3305730 2.4064811 10.0000000
5.4996639 3.2435108 12.2562209
1.4192590 0.8370297 12.2562209
2.7498320 3.2435108 12.2562209
4.1690909 0.8370297 12.2562209
2.6199356 1.5451477 14.3286099
6.7005912 3.9517736 14.3290228
5.4561510 1.5961856 14.6623493
4.0369791 4.0025317 14.6623434

Crystal Axes: 
5.499664 0.000000 0.000000
2.661146 4.812962 0.000000
0.000000 0.000000 24.512442
