Order: 
['Co', 'Co', 'Cu', 'Cu', 'Co', 'Co', 'Cu', 'Cu', 'Co', 'Co', 'Cu', 'Cu'] 
Coordinates: 
0.0000000 0.0000000 10.0000000
2.4760396 0.0000000 10.0000000
1.2380198 2.2750170 10.0000000
-1.2380198 2.2750170 10.0000000
2.4760396 1.3474124 12.0773184
0.0000000 1.3474124 12.0773184
-1.2380198 3.6224293 12.0773184
1.2380198 3.6224293 12.0773184
0.0000010 2.6480668 14.0826092
2.4760390 2.6480062 14.0828274
3.7137326 0.3967044 14.2048148
1.2383495 0.3967075 14.2048156

Crystal Axes: 
4.952079 0.000000 0.000000
-2.476040 4.550034 0.000000
0.000000 0.000000 24.154637
