Order: 
['Co', 'Co', 'Ni', 'Ni', 'Co', 'Co', 'Ni', 'Ni', 'Co', 'Co', 'Ni', 'Ni'] 
Coordinates: 
0.0000000 0.0000000 10.0000000
2.4740500 0.0000000 10.0000000
1.2370250 2.1919453 10.0000000
-1.2370250 2.1919453 10.0000000
2.4740500 1.3962309 12.0424159
-0.0000000 1.3962309 12.0424159
-1.2370250 3.5881762 12.0424159
1.2370250 3.5881762 12.0424159
0.0000007 2.8068774 14.0451847
2.4740503 2.8067364 14.0447613
3.7109223 0.6295614 14.0543129
1.2371697 0.6295473 14.0543358

Crystal Axes: 
4.948100 0.000000 0.000000
-2.474050 4.383891 0.000000
0.000000 0.000000 24.084832
