Order: 
['Co', 'Co', 'Rh', 'Rh', 'Co', 'Co', 'Rh', 'Rh', 'Co', 'Co', 'Rh', 'Rh'] 
Coordinates: 
0.0000000 0.0000000 10.0000000
3.9016091 2.3027807 10.0000000
2.6303702 0.0000000 10.0000000
1.2712390 2.3027807 10.0000000
5.2607403 3.1049577 12.1585437
1.3591312 0.8021770 12.1585437
2.6303702 3.1049577 12.1585437
3.9895014 0.8021770 12.1585437
2.6669947 1.5740965 14.2293890
6.5683911 3.8767488 14.2292748
5.3282859 1.5923295 14.3024952
3.9691424 3.8951337 14.3024939

Crystal Axes: 
5.260740 0.000000 0.000000
2.542478 4.605561 0.000000
0.000000 0.000000 24.317087
