Order: 
['Co', 'Co', 'Pt', 'Pt', 'Co', 'Co', 'Pt', 'Pt', 'Co', 'Co', 'Pt', 'Pt'] 
Coordinates: 
0.0000000 0.0000000 10.0000000
3.9808989 2.3360946 10.0000000
2.6758899 0.0000000 10.0000000
1.3050090 2.3360946 10.0000000
5.3517797 3.1405631 12.1932097
1.3708809 0.8044684 12.1932097
2.6758899 3.1405631 12.1932097
4.0467708 0.8044684 12.1932097
2.7186105 1.5953516 14.3079556
6.6995647 3.9314779 14.3081604
5.4583787 1.6328395 14.3727479
4.0875005 3.9689299 14.3727478

Crystal Axes: 
5.351780 0.000000 0.000000
2.610018 4.672189 0.000000
0.000000 0.000000 24.386419
