Order: 
['Co', 'Co', 'Hg', 'Hg', 'Co', 'Co', 'Hg', 'Hg', 'Co', 'Co', 'Hg', 'Hg'] 
Coordinates: 
0.0000000 0.0000000 10.0000000
3.6628893 2.6138149 10.0000000
2.7640457 0.0000000 10.0000000
0.8988437 2.6138149 10.0000000
5.5280913 3.9448114 12.2495504
1.8652020 1.3309965 12.2495504
2.7640457 3.9448114 12.2495504
4.6292476 1.3309965 12.2495504
3.7383510 2.6676635 14.3672117
0.0755963 0.0539461 14.3670444
0.9718192 2.6660115 14.7931625
2.8371398 0.0520371 14.7931626

Crystal Axes: 
5.528091 0.000000 0.000000
1.797687 5.227630 0.000000
0.000000 0.000000 24.499101
