Order: 
['Co', 'Co', 'Ru', 'Ru', 'Co', 'Co', 'Ru', 'Ru', 'Co', 'Co', 'Ru', 'Ru'] 
Coordinates: 
0.0000000 0.0000000 10.0000000
3.8592274 2.2593326 10.0000000
2.5909616 0.0000000 10.0000000
1.2682658 2.2593326 10.0000000
5.1819231 3.0336869 12.1224889
1.3226957 0.7743544 12.1224889
2.5909616 3.0336869 12.1224889
3.9136573 0.7743544 12.1224889
2.6150809 1.5309643 14.1688417
6.4742688 3.7902726 14.1688501
5.2197702 1.5389874 14.2058629
3.8970635 3.7983398 14.2058630

Crystal Axes: 
5.181923 0.000000 0.000000
2.536532 4.518665 0.000000
0.000000 0.000000 24.244978
