Order: 
['Co', 'Co', 'Y', 'Y', 'Co', 'Co', 'Y', 'Y', 'Co', 'Co', 'Y', 'Y'] 
Coordinates: 
0.0000000 0.0000000 10.0000000
3.8834105 2.7472879 10.0000000
2.9134787 0.0000000 10.0000000
0.9699318 2.7472879 10.0000000
5.8269575 4.1222347 12.3784684
1.9435469 1.3749468 12.3784684
2.9134787 4.1222347 12.3784684
4.8570257 1.3749468 12.3784684
3.8864425 2.7494524 14.5663494
0.0029912 0.0021120 14.5662859
0.9723568 2.7490031 14.8003641
2.9159204 0.0017254 14.8003700

Crystal Axes: 
5.826957 0.000000 0.000000
1.939864 5.494576 0.000000
0.000000 0.000000 24.756937
