Order: 
['Co', 'Co', 'Ag', 'Ag', 'Co', 'Co', 'Ag', 'Ag', 'Co', 'Co', 'Ag', 'Ag'] 
Coordinates: 
0.0000000 0.0000000 10.0000000
2.6984431 0.0000000 10.0000000
1.3492215 2.4611538 10.0000000
-1.3492215 2.4611538 10.0000000
2.6984431 1.4793052 12.2568233
-0.0000000 1.4793052 12.2568233
-1.3492215 3.9404590 12.2568233
1.3492215 3.9404590 12.2568233
0.0000963 2.6202626 14.2612330
2.6985428 2.6201224 14.2611415
4.0473750 0.2702824 14.7311116
1.3500779 0.2702843 14.7311085

Crystal Axes: 
5.396886 0.000000 0.000000
-2.698443 4.922308 0.000000
0.000000 0.000000 24.513647
