Order: 
['Co', 'Co', 'Fe', 'Fe', 'Co', 'Co', 'Fe', 'Fe', 'Co', 'Co', 'Fe', 'Fe'] 
Coordinates: 
0.0000000 0.0000000 10.0000000
3.2937388 2.3367069 10.0000000
2.4757450 0.0000000 10.0000000
0.8179938 2.3367069 10.0000000
4.9514900 3.5127803 12.0191708
1.6577512 1.1760734 12.0191708
2.4757450 3.5127803 12.0191708
4.1334961 1.1760734 12.0191708
3.3138621 2.3509804 13.9437973
0.0202365 0.0143582 13.9439596
0.8373436 2.3503320 14.0562439
2.4949983 0.0137620 14.0562489

Crystal Axes: 
4.951490 0.000000 0.000000
1.635988 4.673414 0.000000
0.000000 0.000000 24.038342
