Order: 
['Co', 'Co', 'Hf', 'Hf', 'Co', 'Co', 'Hf', 'Hf', 'Co', 'Co', 'Hf', 'Hf'] 
Coordinates: 
0.0000000 0.0000000 10.0000000
3.6466861 2.5886084 10.0000000
2.7421078 0.0000000 10.0000000
0.9045783 2.5886084 10.0000000
5.4842157 3.8929830 12.2359563
1.8375296 1.3043745 12.2359563
2.7421078 3.8929830 12.2359563
4.5796374 1.3043745 12.2359563
3.6677266 2.6035481 14.2240196
0.0211424 0.0150038 14.2239791
0.9227746 2.6015019 14.4686227
2.7602843 0.0129255 14.4686254

Crystal Axes: 
5.484216 0.000000 0.000000
1.809157 5.177217 0.000000
0.000000 0.000000 24.471913
