Order: 
['Co', 'Co', 'Pd', 'Pd', 'Co', 'Co', 'Pd', 'Pd', 'Co', 'Co', 'Pd', 'Pd'] 
Coordinates: 
0.0000000 0.0000000 10.0000000
4.0024230 2.3271210 10.0000000
2.6777382 0.0000000 10.0000000
1.3246848 2.3271210 10.0000000
5.3554764 3.1138242 12.1901119
1.3530534 0.7867032 12.1901119
2.6777382 3.1138242 12.1901119
4.0307916 0.7867032 12.1901119
2.6801532 1.5583152 14.2669052
6.6826875 3.8855032 14.2670280
5.4241199 1.5967828 14.4089633
4.0710305 3.9239640 14.4089636

Crystal Axes: 
5.355476 0.000000 0.000000
2.649370 4.654242 0.000000
0.000000 0.000000 24.380224
