Order: 
['Co', 'Co', 'Cd', 'Cd', 'Co', 'Co', 'Cd', 'Cd', 'Co', 'Co', 'Cd', 'Cd'] 
Coordinates: 
0.0000000 0.0000000 10.0000000
2.8260918 0.0000000 10.0000000
1.4130459 2.4582542 10.0000000
-1.4130459 2.4582542 10.0000000
2.8260918 1.6244851 12.3125403
-0.0000000 1.6244851 12.3125403
-1.4130459 4.0827393 12.3125403
1.4130459 4.0827393 12.3125403
-0.0000114 2.7490509 14.3190261
2.8261020 2.7491099 14.3189460
4.2390508 0.4258519 14.9878599
1.4131347 0.4258687 14.9878572

Crystal Axes: 
5.652184 0.000000 0.000000
-2.826092 4.916508 0.000000
0.000000 0.000000 24.625081
