Order: 
['Co', 'Co', 'Zn', 'Zn', 'Co', 'Co', 'Zn', 'Zn', 'Co', 'Co', 'Zn', 'Zn'] 
Coordinates: 
0.0000000 0.0000000 10.0000000
2.5795320 0.0000000 10.0000000
1.2897660 2.2670611 10.0000000
-1.2897660 2.2670611 10.0000000
2.5795320 1.4675355 12.1213969
-0.0000000 1.4675355 12.1213969
-1.2897660 3.7345966 12.1213969
1.2897660 3.7345966 12.1213969
-0.0002635 2.7446808 14.1072412
2.5792684 2.7447877 14.1075905
3.8692241 0.5168807 14.4437857
1.2894205 0.5168780 14.4437859

Crystal Axes: 
5.159064 0.000000 0.000000
-2.579532 4.534122 0.000000
0.000000 0.000000 24.242794
