Order: 
['Co', 'Co', 'W', 'W', 'Co', 'Co', 'W', 'W', 'Co', 'Co', 'W', 'W'] 
Coordinates: 
0.0000000 0.0000000 10.0000000
3.9446305 2.3048734 10.0000000
2.6456916 0.0000000 10.0000000
1.2989390 2.3048734 10.0000000
5.2913831 3.0917897 12.1663804
1.3467526 0.7869163 12.1663804
2.6456916 3.0917897 12.1663804
3.9924441 0.7869163 12.1663804
2.7339852 1.5975063 14.2620269
6.6784597 3.9022476 14.2619134
5.3957388 1.6068945 14.2555496
4.0490157 3.9117376 14.2555574

Crystal Axes: 
5.291383 0.000000 0.000000
2.597878 4.609747 0.000000
0.000000 0.000000 24.332761
