Relax: 
Order: 
['Co', 'Co', 'Mn', 'Mn', 'Co', 'Co', 'Mn', 'Mn', 'Co', 'Co', 'Mn', 'Mn'] 
Coordinates: 
0.0000000 0.0000000 0.4158649
0.5000000 0.5000000 0.4158649
0.5000000 0.0000000 0.4158649
0.0000000 0.5000000 0.4158649
0.7427922 0.7427922 0.5000000
0.2427922 0.2427922 0.5000000
0.2427922 0.7427922 0.5000000
0.7427922 0.2427922 0.5000000
0.4878557 0.4878378 0.5804996
0.9878394 0.9878569 0.5804981
0.9884837 0.4884847 0.5874506
0.4884782 0.9884766 0.5874507

Crystal Axes: 
4.933829 0.000000 0.000000
1.708444 4.628595 0.000000
0.000000 0.000000 24.046270
