Order: 
['Co', 'Co', 'V', 'V', 'Co', 'Co', 'V', 'V', 'Co', 'Co', 'V', 'V'] 
Coordinates: 
0.0000000 0.0000000 10.0000000
3.7300473 2.2309038 10.0000000
2.5321642 0.0000000 10.0000000
1.1978831 2.2309038 10.0000000
5.0643285 3.0289239 12.0832896
1.3342811 0.7980201 12.0832896
2.5321642 3.0289239 12.0832896
3.8664453 0.7980201 12.0832896
2.8656215 1.7139074 14.0785937
6.5955655 3.9447299 14.0785663
5.4194183 1.7267614 14.1564261
4.0848626 3.9576515 14.1564291

Crystal Axes: 
5.064328 0.000000 0.000000
2.395766 4.461808 0.000000
0.000000 0.000000 24.166579
