Order: 
['Co', 'Co', 'Os', 'Os', 'Co', 'Co', 'Os', 'Os', 'Co', 'Co', 'Os', 'Os'] 
Coordinates: 
0.0000000 0.0000000 10.0000000
3.8906343 2.2634818 10.0000000
2.6037381 0.0000000 10.0000000
1.2868962 2.2634818 10.0000000
5.2074762 3.0295902 12.1298892
1.3168418 0.7661084 12.1298892
2.6037381 3.0295902 12.1298892
3.9205799 0.7661084 12.1298892
2.6278645 1.5288317 14.1745111
6.5186327 3.7923911 14.1745529
5.2208954 1.5226270 14.2057576
3.9040753 3.7860717 14.2057575

Crystal Axes: 
5.207476 0.000000 0.000000
2.573792 4.526964 0.000000
0.000000 0.000000 24.259778
