Order: 
['Co', 'Co', 'Sc', 'Sc', 'Co', 'Co', 'Sc', 'Sc', 'Co', 'Co', 'Sc', 'Sc'] 
Coordinates: 
0.0000000 0.0000000 10.0000000
3.6023622 2.5496307 10.0000000
2.7034525 0.0000000 10.0000000
0.8989097 2.5496307 10.0000000
5.4069050 3.8268253 12.2066696
1.8045428 1.2771946 12.2066696
2.7034525 3.8268253 12.2066696
4.5079953 1.2771946 12.2066696
3.6082376 2.5537941 14.2651990
0.0060128 0.0042542 14.2651766
0.9035773 2.5528529 14.4659707
2.7080414 0.0033316 14.4659720

Crystal Axes: 
5.406905 0.000000 0.000000
1.797819 5.099261 0.000000
0.000000 0.000000 24.413339
