Order: 
['Cr', 'Cr', 'Ru', 'Ru', 'Cr', 'Cr', 'Ru', 'Ru', 'Cr', 'Cr', 'Ru', 'Ru'] 
Coordinates: 
0.0000000 0.0000000 10.0000000
3.8764808 2.3000979 10.0000000
2.6206184 0.0000000 10.0000000
1.2558624 2.3000979 10.0000000
5.2412368 3.1098717 12.1528393
1.3647560 0.8097738 12.1528393
2.6206184 3.1098717 12.1528393
3.9853744 0.8097738 12.1528393
2.6460194 1.5700076 14.1433983
6.5224309 3.8700643 14.1433882
5.3069255 1.5942974 14.2629593
3.9425077 3.8938257 14.2629574

Crystal Axes: 
5.241237 0.000000 0.000000
2.511725 4.600196 0.000000
0.000000 0.000000 24.305679
