Order: 
['Cr', 'Cr', 'Y', 'Y', 'Cr', 'Cr', 'Y', 'Y', 'Cr', 'Cr', 'Y', 'Y'] 
Coordinates: 
0.0000000 0.0000000 10.0000000
3.9252803 2.8309977 10.0000000
2.9835288 0.0000000 10.0000000
0.9417515 2.8309977 10.0000000
5.9670575 4.3035720 12.4178654
2.0417772 1.4725743 12.4178654
2.9835288 4.3035720 12.4178654
5.0253060 1.4725743 12.4178654
5.9643190 4.3018210 14.1869062
2.0387049 1.4701436 14.1886759
2.9711721 4.2947552 15.6365049
5.0134722 1.4639644 15.6365107

Crystal Axes: 
5.967058 0.000000 0.000000
1.883503 5.661995 0.000000
0.000000 0.000000 24.835731
