Order: 
['Cr', 'Cr', 'Hg', 'Hg', 'Cr', 'Cr', 'Hg', 'Hg', 'Cr', 'Cr', 'Hg', 'Hg'] 
Coordinates: 
0.0000000 0.0000000 10.0000000
2.8135642 0.0000000 10.0000000
1.4067821 2.5279687 10.0000000
-1.4067821 2.5279687 10.0000000
2.8135642 1.5657123 12.3376673
-0.0000000 1.5657123 12.3376673
-1.4067821 4.0936810 12.3376673
1.4067821 4.0936810 12.3376673
-0.0000073 2.1840069 14.0063574
2.8135644 2.1838603 14.0053516
1.4081797 5.0497020 15.3861647
-1.4081903 5.0497206 15.3861669

Crystal Axes: 
5.627128 0.000000 0.000000
-2.813564 5.055937 0.000000
0.000000 0.000000 24.675335
