Order: 
['Cr', 'Cr', 'Os', 'Os', 'Cr', 'Cr', 'Os', 'Os', 'Cr', 'Cr', 'Os', 'Os'] 
Coordinates: 
0.0000000 0.0000000 10.0000000
3.9166712 2.3097995 10.0000000
2.6394208 0.0000000 10.0000000
1.2772504 2.3097995 10.0000000
5.2788416 3.1131195 12.1656063
1.3621704 0.8033200 12.1656063
2.6394208 3.1131195 12.1656063
4.0015912 0.8033200 12.1656063
2.6764073 1.5783740 14.2073047
6.5927453 3.8879714 14.2073359
5.3327078 1.5888993 14.2625128
3.9710402 3.8978509 14.2625128

Crystal Axes: 
5.278842 0.000000 0.000000
2.554501 4.619599 0.000000
0.000000 0.000000 24.331213
