Order: 
['Cr', 'Cr', 'Ta', 'Ta', 'Cr', 'Cr', 'Ta', 'Ta', 'Cr', 'Cr', 'Ta', 'Ta'] 
Coordinates: 
0.0000000 0.0000000 10.0000000
3.5828333 2.5334178 10.0000000
2.6871052 0.0000000 10.0000000
0.8957281 2.5334178 10.0000000
5.3742104 3.8000987 12.1940203
1.7913771 1.2666809 12.1940203
2.6871052 3.8000987 12.1940203
4.4784824 1.2666809 12.1940203
3.5827723 2.5333758 14.2909049
7.1656010 5.0667885 14.2909545
6.2698898 2.5333705 14.3636484
4.4785021 5.0668071 14.3636500

Crystal Axes: 
5.374210 0.000000 0.000000
1.791456 5.066836 0.000000
0.000000 0.000000 24.388041
