Order: 
['Cr', 'Cr', 'Zn', 'Zn', 'Cr', 'Cr', 'Zn', 'Zn', 'Cr', 'Cr', 'Zn', 'Zn'] 
Coordinates: 
0.0000000 0.0000000 10.0000000
2.4903735 0.0000000 10.0000000
1.2451867 2.4057977 10.0000000
-1.2451867 2.4057977 10.0000000
2.4903735 1.2889612 12.1308540
0.0000000 1.2889612 12.1308540
-1.2451867 3.6947590 12.1308540
1.2451867 3.6947590 12.1308540
0.0000857 2.3723586 14.0852191
2.4904579 2.3723114 14.0852597
3.7356052 0.0292288 14.4986108
1.2453447 0.0292313 14.4986105

Crystal Axes: 
4.980747 0.000000 0.000000
-2.490373 4.811595 0.000000
0.000000 0.000000 24.261708
