Order: 
['Cr', 'Cr', 'Re', 'Re', 'Cr', 'Cr', 'Re', 'Re', 'Cr', 'Cr', 'Re', 'Re'] 
Coordinates: 
0.0000000 0.0000000 10.0000000
3.4477841 2.4395577 10.0000000
2.5869742 0.0000000 10.0000000
0.8608099 2.4395577 10.0000000
5.1739484 3.6609444 12.1117899
1.7261644 1.2213867 12.1117899
2.5869742 3.6609444 12.1117899
4.3131386 1.2213867 12.1117899
3.4517230 2.4423509 14.1630745
0.0038840 0.0027419 14.1630849
0.8644436 2.4420199 14.1344631
2.5905481 0.0026328 14.1344404

Crystal Axes: 
5.173948 0.000000 0.000000
1.721620 4.879115 0.000000
0.000000 0.000000 24.223580
