Order: 
['Cr', 'Cr', 'Fe', 'Fe', 'Cr', 'Cr', 'Fe', 'Fe', 'Cr', 'Cr', 'Fe', 'Fe'] 
Coordinates: 
0.0000000 0.0000000 10.0000000
3.7033357 2.1728556 10.0000000
2.4891069 0.0000000 10.0000000
1.2142288 2.1728556 10.0000000
4.9782138 2.9208640 12.0400454
1.2748781 0.7480084 12.0400454
2.4891069 2.9208640 12.0400454
3.7639850 0.7480084 12.0400454
2.5474688 1.4946561 14.0606836
6.2507354 3.6675079 14.0606622
5.0383381 1.4957125 14.1136164
3.7633334 3.6684866 14.1134026

Crystal Axes: 
4.978214 0.000000 0.000000
2.428458 4.345711 0.000000
0.000000 0.000000 24.080091
