Order: 
['Cr', 'Cr', 'Ni', 'Ni', 'Cr', 'Cr', 'Ni', 'Ni', 'Cr', 'Cr', 'Ni', 'Ni'] 
Coordinates: 
0.0000000 0.0000000 10.0000000
2.4421947 0.0000000 10.0000000
1.2210974 2.2416162 10.0000000
-1.2210974 2.2416162 10.0000000
2.4421947 1.3303605 12.0480372
0.0000000 1.3303605 12.0480372
-1.2210974 3.5719767 12.0480372
1.2210974 3.5719767 12.0480372
0.0000042 2.7545499 14.0773731
2.4421904 2.7544870 14.0774686
3.6631294 0.5396188 14.0765953
1.2212600 0.5395655 14.0765486

Crystal Axes: 
4.884389 0.000000 0.000000
-2.442195 4.483232 0.000000
0.000000 0.000000 24.096074
