Order: 
['Cr', 'Cr', 'Ir', 'Ir', 'Cr', 'Cr', 'Ir', 'Ir', 'Cr', 'Cr', 'Ir', 'Ir'] 
Coordinates: 
0.0000000 0.0000000 10.0000000
3.9413585 2.3080776 10.0000000
2.6464897 0.0000000 10.0000000
1.2948688 2.3080776 10.0000000
5.2929793 3.0995930 12.1681157
1.3516208 0.7915153 12.1681157
2.6464897 3.0995930 12.1681157
3.9981105 0.7915153 12.1681157
2.6818579 1.5705081 14.2070767
6.6231822 3.8785660 14.2070425
5.3924954 1.6080875 14.2703767
4.0408866 3.9161452 14.2703779

Crystal Axes: 
5.292979 0.000000 0.000000
2.589738 4.616155 0.000000
0.000000 0.000000 24.336231
