Order: 
['Cr', 'Cr', 'Au', 'Au', 'Cr', 'Cr', 'Au', 'Au', 'Cr', 'Cr', 'Au', 'Au'] 
Coordinates: 
0.0000000 0.0000000 10.0000000
2.7003930 0.0000000 10.0000000
1.3501965 2.4604623 10.0000000
-1.3501965 2.4604623 10.0000000
2.7003930 1.4818602 12.2574793
-0.0000000 1.4818602 12.2574793
-1.3501965 3.9423226 12.2574793
1.3501965 3.9423226 12.2574793
-0.0003246 1.9786822 14.0251165
2.7000774 1.9796391 14.0273138
1.3503997 4.6827524 15.0082216
-1.3510113 4.6827343 15.0082409

Crystal Axes: 
5.400786 0.000000 0.000000
-2.700393 4.920925 0.000000
0.000000 0.000000 24.514959
