Order: 
['Cr', 'Cr', 'Cd', 'Cd', 'Cr', 'Cr', 'Cd', 'Cd', 'Cr', 'Cr', 'Cd', 'Cd'] 
Coordinates: 
0.0000000 0.0000000 10.0000000
2.7059469 0.0000000 10.0000000
1.3529735 2.5907644 10.0000000
-1.3529735 2.5907644 10.0000000
2.7059469 1.4131252 12.3076451
-0.0000000 1.4131252 12.3076451
-1.3529735 4.0038896 12.3076451
1.3529735 4.0038896 12.3076451
-0.0003283 2.0694951 14.0444254
2.7056106 2.0695235 14.0440975
1.3530948 4.8617103 15.1246822
-1.3537848 4.8616857 15.1247002

Crystal Axes: 
5.411894 0.000000 0.000000
-2.705947 5.181529 0.000000
0.000000 0.000000 24.615290
