Order: 
['Cr', 'Cr', 'Rh', 'Rh', 'Cr', 'Cr', 'Rh', 'Rh', 'Cr', 'Cr', 'Rh', 'Rh'] 
Coordinates: 
0.0000000 0.0000000 10.0000000
3.9374232 2.2932448 10.0000000
2.6365305 0.0000000 10.0000000
1.3008927 2.2932448 10.0000000
5.2730611 3.0711506 12.1572747
1.3356379 0.7779059 12.1572747
2.6365305 3.0711506 12.1572747
3.9721684 0.7779059 12.1572747
2.6382412 1.5365716 14.1597522
6.5756740 3.8298226 14.1597681
5.3535627 1.5824822 14.2750137
4.0179435 3.8756957 14.2750137

Crystal Axes: 
5.273061 0.000000 0.000000
2.601785 4.586490 0.000000
0.000000 0.000000 24.314549
