Order: 
['Cr', 'Cr', 'Ag', 'Ag', 'Cr', 'Cr', 'Ag', 'Ag', 'Cr', 'Cr', 'Ag', 'Ag'] 
Coordinates: 
0.0000000 0.0000000 10.0000000
2.6107146 0.0000000 10.0000000
1.3053573 2.5575132 10.0000000
-1.3053573 2.5575132 10.0000000
2.6107146 1.3325114 12.2450488
0.0000000 1.3325114 12.2450488
-1.3053573 3.8900246 12.2450488
1.3053573 3.8900246 12.2450488
-0.0004089 1.8396794 14.0094613
2.6103067 1.8396727 14.0092681
1.3040572 4.5665381 14.9535846
-1.3052453 4.5665759 14.9535942

Crystal Axes: 
5.221429 0.000000 0.000000
-2.610715 5.115026 0.000000
0.000000 0.000000 24.490098
