Order: 
['Cr', 'Cr', 'Mo', 'Mo', 'Cr', 'Cr', 'Mo', 'Mo', 'Cr', 'Cr', 'Mo', 'Mo'] 
Coordinates: 
0.0000000 0.0000000 10.0000000
2.5464778 0.0000000 10.0000000
1.2732389 2.5365980 10.0000000
-1.2732389 2.5365980 10.0000000
2.5464778 1.2781980 12.2024438
-0.0000000 1.2781980 12.2024438
-1.2732389 3.8147960 12.2024438
1.2732389 3.8147960 12.2024438
0.0004959 2.4263227 14.2132523
2.5469737 2.4263155 14.2132151
1.2735585 5.0691457 14.4394402
-1.2729322 5.0691449 14.4394406

Crystal Axes: 
5.092956 0.000000 0.000000
-2.546478 5.073196 0.000000
0.000000 0.000000 24.404888
