Order: 
['Cr', 'Cr', 'Hf', 'Hf', 'Cr', 'Cr', 'Hf', 'Hf', 'Cr', 'Cr', 'Hf', 'Hf'] 
Coordinates: 
0.0000000 0.0000000 10.0000000
3.6726268 2.6291974 10.0000000
2.7774217 0.0000000 10.0000000
0.8952051 2.6291974 10.0000000
5.5548434 3.9766577 12.2576602
1.8822166 1.3474603 12.2576602
2.7774217 3.9766577 12.2576602
4.6596383 1.3474603 12.2576602
3.7440358 2.6803154 14.3788550
0.0716321 0.0512810 14.3789168
0.9535912 2.6707837 14.4986242
2.8356034 0.0418661 14.4986192

Crystal Axes: 
5.554843 0.000000 0.000000
1.790410 5.258395 0.000000
0.000000 0.000000 24.515320
