Order: 
['Cr', 'Cr', 'Nb', 'Nb', 'Cr', 'Cr', 'Nb', 'Nb', 'Cr', 'Cr', 'Nb', 'Nb'] 
Coordinates: 
0.0000000 0.0000000 10.0000000
3.5809251 2.5330020 10.0000000
2.6863343 0.0000000 10.0000000
0.8945908 2.5330020 10.0000000
5.3726686 3.8004091 12.1931207
1.7917435 1.2674071 12.1931207
2.6863343 3.8004091 12.1931207
4.4780778 1.2674071 12.1931207
3.5829218 2.5344152 14.2638526
0.0019964 0.0014116 14.2638401
0.8962002 2.5341423 14.3941755
2.6879456 0.0011379 14.3941755

Crystal Axes: 
5.372669 0.000000 0.000000
1.789182 5.066004 0.000000
0.000000 0.000000 24.386241
