Order: 
['Cr', 'Cr', 'Pd', 'Pd', 'Cr', 'Cr', 'Pd', 'Pd', 'Cr', 'Cr', 'Pd', 'Pd'] 
Coordinates: 
0.0000000 0.0000000 10.0000000
2.6398577 0.0000000 10.0000000
1.3199289 2.3656802 10.0000000
-1.3199289 2.3656802 10.0000000
2.6398577 1.4729059 12.1907526
-0.0000000 1.4729059 12.1907526
-1.3199289 3.8385861 12.1907526
1.3199289 3.8385861 12.1907526
-0.0000013 2.8470234 14.1672086
2.6398592 2.8467489 14.1672692
3.9586326 0.6201095 14.4218620
1.3210822 0.6201099 14.4218617

Crystal Axes: 
5.279715 0.000000 0.000000
-2.639858 4.731360 0.000000
0.000000 0.000000 24.381505
