Order: 
['Cr', 'Cr', 'Pt', 'Pt', 'Cr', 'Cr', 'Pt', 'Pt', 'Cr', 'Cr', 'Pt', 'Pt'] 
Coordinates: 
0.0000000 0.0000000 10.0000000
2.6560167 0.0000000 10.0000000
1.3280083 2.3545648 10.0000000
-1.3280083 2.3545648 10.0000000
2.6560167 1.4980315 12.1932455
0.0000000 1.4980315 12.1932455
-1.3280083 3.8525963 12.1932455
1.3280083 3.8525963 12.1932455
-0.0000008 3.0132692 14.2626629
2.6560176 3.0133070 14.2626032
3.9842974 0.7973783 14.3603595
1.3277350 0.7973794 14.3603591

Crystal Axes: 
5.312033 0.000000 0.000000
-2.656017 4.709130 0.000000
0.000000 0.000000 24.386491
