Order: 
['Cr', 'Cr', 'W', 'W', 'Cr', 'Cr', 'W', 'W', 'Cr', 'Cr', 'W', 'W'] 
Coordinates: 
0.0000000 0.0000000 10.0000000
3.4994167 2.4730685 10.0000000
2.6235780 0.0000000 10.0000000
0.8758387 2.4730685 10.0000000
5.2471559 3.7082112 12.1425430
1.7477393 1.2351427 12.1425430
2.6235780 3.7082112 12.1425430
4.3713172 1.2351427 12.1425430
3.4966070 2.4710835 14.1731375
6.9960202 4.9441486 14.1731297
6.1203140 2.4712012 14.2464518
4.3726014 4.9442343 14.2464525

Crystal Axes: 
5.247156 0.000000 0.000000
1.751677 4.946137 0.000000
0.000000 0.000000 24.285086
