Order: 
['Cr', 'Cr', 'Zr', 'Zr', 'Cr', 'Cr', 'Zr', 'Zr', 'Cr', 'Cr', 'Zr', 'Zr'] 
Coordinates: 
0.0000000 0.0000000 10.0000000
3.7423193 2.6456364 10.0000000
2.8063273 0.0000000 10.0000000
0.9359920 2.6456364 10.0000000
5.6126545 3.9678718 12.2915247
1.8703353 1.3222354 12.2915247
2.8063273 3.9678718 12.2915247
4.6766626 1.3222354 12.2915247
3.7407801 2.6445484 14.4089689
7.4831699 5.2902343 14.4090352
6.5476785 2.6447039 14.5792228
4.6771093 5.2906708 14.5792281

Crystal Axes: 
5.612655 0.000000 0.000000
1.871984 5.291273 0.000000
0.000000 0.000000 24.583049
