Order: 
['Cr', 'Cr', 'Cu', 'Cu', 'Cr', 'Cr', 'Cu', 'Cu', 'Cr', 'Cr', 'Cu', 'Cu'] 
Coordinates: 
0.0000000 0.0000000 10.0000000
2.4239413 0.0000000 10.0000000
1.2119706 2.3644771 10.0000000
-1.2119706 2.3644771 10.0000000
2.4239413 1.2424504 12.0812996
-0.0000000 1.2424504 12.0812996
-1.2119706 3.6069275 12.0812996
1.2119706 3.6069275 12.0812996
0.0000274 2.4181392 14.0291825
2.4239483 2.4180250 14.0291408
3.6358702 0.1028756 14.2419793
1.2121974 0.1028751 14.2419740

Crystal Axes: 
4.847883 0.000000 0.000000
-2.423941 4.728954 0.000000
0.000000 0.000000 24.162599
