Order: 
['Cr', 'Cr', 'Mn', 'Mn', 'Cr', 'Cr', 'Mn', 'Mn', 'Cr', 'Cr', 'Mn', 'Mn'] 
Coordinates: 
0.0000000 0.0000000 10.0000000
3.2566036 2.3029631 10.0000000
2.4425917 0.0000000 10.0000000
0.8140119 2.3029631 10.0000000
4.8851834 3.4546412 11.9943110
1.6285798 1.1516782 11.9943110
2.4425917 3.4546412 11.9943110
4.0711715 1.1516782 11.9943110
3.2570339 2.3032413 13.9894551
0.0003672 0.0002855 13.9894305
0.8144909 2.3032437 13.8671358
2.4429455 0.0003138 13.8671746

Crystal Axes: 
4.885183 0.000000 0.000000
1.628024 4.605926 0.000000
0.000000 0.000000 23.988622
