Order: 
['Cr', 'Cr', 'Tc', 'Tc', 'Cr', 'Cr', 'Tc', 'Tc', 'Cr', 'Cr', 'Tc', 'Tc'] 
Coordinates: 
0.0000000 0.0000000 10.0000000
3.4326244 2.4302168 10.0000000
2.5765802 0.0000000 10.0000000
0.8560443 2.4302168 10.0000000
5.1531603 3.6483154 12.1029002
1.7205359 1.2180987 12.1029002
2.5765802 3.6483154 12.1029002
4.2971161 1.2180987 12.1029002
3.4400706 2.4354889 14.1193270
0.0074659 0.0052860 14.1193571
0.8622959 2.4347375 14.1422730
2.5829209 0.0043940 14.1422747

Crystal Axes: 
5.153160 0.000000 0.000000
1.712089 4.860434 0.000000
0.000000 0.000000 24.205800
