Order: 
['Cr', 'Cr', 'La', 'La', 'Cr', 'Cr', 'La', 'La', 'Cr', 'Cr', 'La', 'La'] 
Coordinates: 
0.0000000 0.0000000 10.0000000
4.1086472 2.9057717 10.0000000
3.0818527 0.0000000 10.0000000
1.0267945 2.9057717 10.0000000
6.1637054 4.3591772 12.5161721
2.0550583 1.4534054 12.5161721
3.0818527 4.3591772 12.5161721
5.1369110 1.4534054 12.5161721
4.1105717 2.9070987 14.3911568
0.0019480 0.0014162 14.3910611
1.0278922 2.9065875 15.0937928
3.0829513 0.0007270 15.0938137

Crystal Axes: 
6.163705 0.000000 0.000000
2.053589 5.811543 0.000000
0.000000 0.000000 25.032344
