Order: 
['Cu', 'Cu', 'Hf', 'Hf', 'Cu', 'Cu', 'Hf', 'Hf', 'Cu', 'Cu', 'Hf', 'Hf'] 
Coordinates: 
0.0000000 0.0000000 10.0000000
3.7724413 2.6377471 10.0000000
2.8083966 0.0000000 10.0000000
0.9640446 2.6377471 10.0000000
5.6167933 3.9273455 12.3010097
1.8443520 1.2895984 12.3010097
2.8083966 3.9273455 12.3010097
4.6527487 1.2895984 12.3010097
3.6896582 2.5798596 14.5165887
7.4620833 5.2176221 14.5165971
6.5048368 2.5846062 14.5697448
4.6604782 5.2223510 14.5697447

Crystal Axes: 
5.616793 0.000000 0.000000
1.928089 5.275494 0.000000
0.000000 0.000000 24.602019
