Order: 
['Cu', 'Cu', 'Y', 'Y', 'Cu', 'Cu', 'Y', 'Y', 'Cu', 'Cu', 'Y', 'Y'] 
Coordinates: 
0.0000000 0.0000000 10.0000000
4.0324051 2.8512699 10.0000000
3.0242535 0.0000000 10.0000000
1.0081515 2.8512699 10.0000000
6.0485071 4.2768338 12.4693132
2.0161020 1.4255639 12.4693132
3.0242535 4.2768338 12.4693132
5.0403556 1.4255639 12.4693132
4.0322116 2.8512163 14.7558195
8.0646860 5.7023881 14.7558193
7.0564863 2.8511438 14.9316346
5.0404290 5.7024596 14.9316272

Crystal Axes: 
6.048507 0.000000 0.000000
2.016303 5.702540 0.000000
0.000000 0.000000 24.938626
