Order: 
['Cu', 'Cu', 'Ta', 'Ta', 'Cu', 'Cu', 'Ta', 'Ta', 'Cu', 'Cu', 'Ta', 'Ta'] 
Coordinates: 
0.0000000 0.0000000 10.0000000
4.1220712 2.4181527 10.0000000
2.7703226 0.0000000 10.0000000
1.3517487 2.4181527 10.0000000
5.5406451 3.2503383 12.2704470
1.4185739 0.8321856 12.2704470
2.7703226 3.2503383 12.2704470
4.1888964 0.8321856 12.2704470
2.8194786 1.6540090 14.5470440
6.9415526 4.0721593 14.5470422
5.6028770 1.6616756 14.4500390
4.1843031 4.0798287 14.4500382

Crystal Axes: 
5.540645 0.000000 0.000000
2.703497 4.836305 0.000000
0.000000 0.000000 24.540894
