Order: 
['Cu', 'Cu', 'Pt', 'Pt', 'Cu', 'Cu', 'Pt', 'Pt', 'Cu', 'Cu', 'Pt', 'Pt'] 
Coordinates: 
0.0000000 0.0000000 10.0000000
3.9659459 2.3748659 10.0000000
2.6940250 0.0000000 10.0000000
1.2719209 2.3748659 10.0000000
5.3880500 3.2264424 12.2169360
1.4221041 0.8515765 12.2169360
2.6940250 3.2264424 12.2169360
4.1161291 0.8515765 12.2169360
2.7625443 1.6542436 14.4407995
6.7284784 4.0291185 14.4407960
5.4749233 1.6652436 14.4185689
4.0528143 4.0401038 14.4185688

Crystal Axes: 
5.388050 0.000000 0.000000
2.543842 4.749732 0.000000
0.000000 0.000000 24.433872
