Order: 
['Cu', 'Cu', 'Ag', 'Ag', 'Cu', 'Cu', 'Ag', 'Ag', 'Cu', 'Cu', 'Ag', 'Ag'] 
Coordinates: 
0.0000000 0.0000000 10.0000000
4.0672389 2.4492644 10.0000000
2.7710849 0.0000000 10.0000000
1.2961541 2.4492644 10.0000000
5.5421697 3.3374579 12.2825442
1.4749308 0.8881936 12.2825442
2.7710849 3.3374579 12.2825442
4.2460157 0.8881936 12.2825442
2.9284373 1.7634963 14.4776698
6.9956757 4.2127554 14.4776793
5.7363985 1.7856903 14.6230551
4.2614660 4.2349588 14.6230557

Crystal Axes: 
5.542170 0.000000 0.000000
2.592308 4.898529 0.000000
0.000000 0.000000 24.565088
