Order: 
['Cu', 'Cu', 'Hg', 'Hg', 'Cu', 'Cu', 'Hg', 'Hg', 'Cu', 'Cu', 'Hg', 'Hg'] 
Coordinates: 
0.0000000 0.0000000 10.0000000
3.8784459 2.6511597 10.0000000
2.8453394 0.0000000 10.0000000
1.0331065 2.6511597 10.0000000
5.6906789 3.8899340 12.3439467
1.8122330 1.2387743 12.3439467
2.8453394 3.8899340 12.3439467
4.6575724 1.2387743 12.3439467
3.6143758 2.4706535 14.6060966
7.4928326 5.1218315 14.6061361
6.4724224 2.4793498 15.0668208
4.6601886 5.1305009 15.0668008

Crystal Axes: 
5.690679 0.000000 0.000000
2.066213 5.302319 0.000000
0.000000 0.000000 24.687893
