Order: 
['Cu', 'Cu', 'W', 'W', 'Cu', 'Cu', 'W', 'W', 'Cu', 'Cu', 'W', 'W'] 
Coordinates: 
0.0000000 0.0000000 10.0000000
2.6563662 0.0000000 10.0000000
1.3281831 2.4090672 10.0000000
-1.3281831 2.4090672 10.0000000
2.6563662 1.4645256 12.2161782
-0.0000000 1.4645256 12.2161782
-1.3281831 3.8735928 12.2161782
1.3281831 3.8735928 12.2161782
-0.0000020 2.9180078 14.4472329
2.6563647 2.9180047 14.4472315
3.9845511 0.5211297 14.3724458
1.3281807 0.5211305 14.3724444

Crystal Axes: 
5.312732 0.000000 0.000000
-2.656366 4.818134 0.000000
0.000000 0.000000 24.432356
