Order: 
['Cu', 'Cu', 'Ir', 'Ir', 'Cu', 'Cu', 'Ir', 'Ir', 'Cu', 'Cu', 'Ir', 'Ir'] 
Coordinates: 
0.0000000 0.0000000 10.0000000
4.0095609 2.3223230 10.0000000
2.6773209 0.0000000 10.0000000
1.3322400 2.3223230 10.0000000
5.3546418 3.1013889 12.1877477
1.3450809 0.7790659 12.1877477
2.6773209 3.1013889 12.1877477
4.0224019 0.7790659 12.1877477
2.4904001 1.4427320 14.4195712
6.5002022 3.7645929 14.4195645
5.1762634 1.4473738 14.3496816
3.8315827 3.7699387 14.3496667

Crystal Axes: 
5.354642 0.000000 0.000000
2.664480 4.644646 0.000000
0.000000 0.000000 24.375495
