Order: 
['Cu', 'Cu', 'Tc', 'Tc', 'Cu', 'Cu', 'Tc', 'Tc', 'Cu', 'Cu', 'Tc', 'Tc'] 
Coordinates: 
0.0000000 0.0000000 10.0000000
2.5406872 0.0000000 10.0000000
1.2703436 2.4344945 10.0000000
-1.2703436 2.4344945 10.0000000
2.5406872 1.3257560 12.1673630
0.0000000 1.3257560 12.1673630
-1.2703436 3.7602506 12.1673630
1.2703436 3.7602506 12.1673630
-0.0000268 2.6444423 14.3572101
2.5406219 2.6444530 14.3572083
3.8109656 0.2103034 14.2858983
1.2702811 0.2103397 14.2859172

Crystal Axes: 
5.081374 0.000000 0.000000
-2.540687 4.868989 0.000000
0.000000 0.000000 24.334726
