Order: 
['Cu', 'Cu', 'Au', 'Au', 'Cu', 'Cu', 'Au', 'Au', 'Cu', 'Cu', 'Au', 'Au'] 
Coordinates: 
0.0000000 0.0000000 10.0000000
4.0056007 2.4746020 10.0000000
2.7671869 0.0000000 10.0000000
1.2384138 2.4746020 10.0000000
5.5343739 3.4190558 12.2872826
1.5287732 0.9444539 12.2872826
2.7671869 3.4190558 12.2872826
4.2959601 0.9444539 12.2872826
3.0536419 1.8864780 14.5050157
7.0592335 4.3610928 14.5049963
5.8654821 1.9140900 14.5947663
4.3367217 4.3886954 14.5947874

Crystal Axes: 
5.534374 0.000000 0.000000
2.476828 4.949204 0.000000
0.000000 0.000000 24.574565
