Order: 
['Cu', 'Cu', 'Zn', 'Zn', 'Cu', 'Cu', 'Zn', 'Zn', 'Cu', 'Cu', 'Zn', 'Zn'] 
Coordinates: 
0.0000000 0.0000000 10.0000000
3.7344376 2.3521882 10.0000000
2.6079982 0.0000000 10.0000000
1.1264393 2.3521882 10.0000000
5.2159965 3.2853690 12.1591579
1.4815589 0.9331808 12.1591579
2.6079982 3.2853690 12.1591579
4.0895572 0.9331808 12.1591579
2.9552641 1.8614179 14.2996905
6.6896932 4.2136016 14.2996844
5.5758048 1.8693152 14.4827848
4.0942454 4.2215048 14.4827853

Crystal Axes: 
5.215996 0.000000 0.000000
2.252879 4.704376 0.000000
0.000000 0.000000 24.318316
