Order: 
['Cu', 'Cu', 'Re', 'Re', 'Cu', 'Cu', 'Re', 'Re', 'Cu', 'Cu', 'Re', 'Re'] 
Coordinates: 
0.0000000 0.0000000 10.0000000
2.5801320 0.0000000 10.0000000
1.2900660 2.4278830 10.0000000
-1.2900660 2.4278830 10.0000000
2.5801320 1.3709641 12.1857581
0.0000000 1.3709641 12.1857581
-1.2900660 3.7988471 12.1857581
1.2900660 3.7988471 12.1857581
0.0000595 2.7278190 14.3885850
2.5801959 2.7278273 14.3885940
3.8702690 0.3006282 14.3140982
1.2901397 0.3006278 14.3140951

Crystal Axes: 
5.160264 0.000000 0.000000
-2.580132 4.855766 0.000000
0.000000 0.000000 24.371516
