Order: 
['Cu', 'Cu', 'Rh', 'Rh', 'Cu', 'Cu', 'Rh', 'Rh', 'Cu', 'Cu', 'Rh', 'Rh'] 
Coordinates: 
0.0000000 0.0000000 10.0000000
3.9811118 2.3189150 10.0000000
2.6659159 0.0000000 10.0000000
1.3151959 2.3189150 10.0000000
5.3318317 3.1056814 12.1813679
1.3507199 0.7867663 12.1813679
2.6659159 3.1056814 12.1813679
4.0166358 0.7867663 12.1813679
2.5856351 1.5059427 14.3653116
6.5666166 3.8250822 14.3653239
5.2629475 1.5127206 14.3450632
3.9121106 3.8315687 14.3450526

Crystal Axes: 
5.331832 0.000000 0.000000
2.630392 4.637830 0.000000
0.000000 0.000000 24.362736
