Order: 
['Cu', 'Cu', 'Pd', 'Pd', 'Cu', 'Cu', 'Pd', 'Pd', 'Cu', 'Cu', 'Pd', 'Pd'] 
Coordinates: 
0.0000000 0.0000000 10.0000000
3.5135674 2.4844650 10.0000000
2.6351739 0.0000000 10.0000000
0.8783935 2.4844650 10.0000000
5.2703478 3.7266951 12.1516112
1.7567804 1.2422301 12.1516112
2.6351739 3.7266951 12.1516112
4.3919543 1.2422301 12.1516112
3.5135581 2.4844630 14.2936223
7.0271303 4.9689217 14.2936050
6.1487349 2.4844607 14.2762583
4.3919547 4.9689254 14.2762571

Crystal Axes: 
5.270348 0.000000 0.000000
1.756787 4.968930 0.000000
0.000000 0.000000 24.303222
