Order: 
['Cu', 'Cu', 'Ru', 'Ru', 'Cu', 'Cu', 'Ru', 'Ru', 'Cu', 'Cu', 'Ru', 'Ru'] 
Coordinates: 
0.0000000 0.0000000 10.0000000
2.5702875 0.0000000 10.0000000
1.2851437 2.3895585 10.0000000
-1.2851437 2.3895585 10.0000000
2.5702875 1.3823428 12.1669117
0.0000000 1.3823428 12.1669117
-1.2851437 3.7719013 12.1669117
1.2851437 3.7719013 12.1669117
0.0000623 2.6254811 14.3630417
2.5700588 2.6254508 14.3630576
3.8553837 0.2296147 14.2617821
1.2850824 0.2294096 14.2618678

Crystal Axes: 
5.140575 0.000000 0.000000
-2.570287 4.779117 0.000000
0.000000 0.000000 24.333823
