Order: 
['Cu', 'Cu', 'Cd', 'Cd', 'Cu', 'Cu', 'Cd', 'Cd', 'Cu', 'Cu', 'Cd', 'Cd'] 
Coordinates: 
0.0000000 0.0000000 10.0000000
3.7983629 2.6181412 10.0000000
2.8014996 0.0000000 10.0000000
0.9968633 2.6181412 10.0000000
5.6029991 3.8620435 12.3037730
1.8046362 1.2439023 12.3037730
2.8014996 3.8620435 12.3037730
4.6061358 1.2439023 12.3037730
3.6042568 2.4843004 14.5600256
7.4026039 5.1024959 14.5600081
6.4237987 2.4967988 14.8245582
4.6191719 5.1149181 14.8245473

Crystal Axes: 
5.602999 0.000000 0.000000
1.993727 5.236282 0.000000
0.000000 0.000000 24.607546
