Order: 
['Cu', 'Cu', 'Os', 'Os', 'Cu', 'Cu', 'Os', 'Os', 'Cu', 'Cu', 'Os', 'Os'] 
Coordinates: 
0.0000000 0.0000000 10.0000000
2.6178521 0.0000000 10.0000000
1.3089261 2.3736356 10.0000000
-1.3089261 2.3736356 10.0000000
2.6178521 1.4435977 12.1838442
0.0000000 1.4435977 12.1838442
-1.3089261 3.8172333 12.1838442
1.3089261 3.8172333 12.1838442
-0.0000040 2.5856241 14.4334958
2.6178581 2.5856221 14.4334931
3.9267772 0.1958567 14.2961308
1.3089274 0.1958593 14.2961290

Crystal Axes: 
5.235704 0.000000 0.000000
-2.617852 4.747271 0.000000
0.000000 0.000000 24.367688
