Order: 
['Cu', 'Cu', 'Nb', 'Nb', 'Cu', 'Cu', 'Nb', 'Nb', 'Cu', 'Cu', 'Nb', 'Nb'] 
Coordinates: 
0.0000000 0.0000000 10.0000000
2.7757745 0.0000000 10.0000000
1.3878873 2.4138388 10.0000000
-1.3878873 2.4138388 10.0000000
2.7757745 1.5959898 12.2710660
0.0000000 1.5959898 12.2710660
-1.3878873 4.0098286 12.2710660
1.3878873 4.0098286 12.2710660
-0.0000102 3.1777768 14.5354038
2.7757904 3.1777647 14.5353980
4.1636597 0.7803715 14.4498051
1.3878871 0.7803816 14.4498034

Crystal Axes: 
5.551549 0.000000 0.000000
-2.775775 4.827678 0.000000
0.000000 0.000000 24.542132
