Order: 
['Cu', 'Cu', 'La', 'La', 'Cu', 'Cu', 'La', 'La', 'Cu', 'Cu', 'La', 'La'] 
Coordinates: 
0.0000000 0.0000000 10.0000000
4.2682921 3.0092512 10.0000000
3.1949442 0.0000000 10.0000000
1.0733479 3.0092512 10.0000000
6.3898884 4.5050289 12.6111763
2.1215963 1.4957777 12.6111763
3.1949442 4.5050289 12.6111763
5.3165405 1.4957777 12.6111763
4.2492310 2.9959560 14.9961786
8.5153435 6.0033967 14.9961645
7.4441872 2.9951659 15.2246544
5.3220730 6.0053759 15.2246653

Crystal Axes: 
6.389888 0.000000 0.000000
2.146696 6.018502 0.000000
0.000000 0.000000 25.222353
