Order: 
['Cu', 'Cu', 'Mo', 'Mo', 'Cu', 'Cu', 'Mo', 'Mo', 'Cu', 'Cu', 'Mo', 'Mo'] 
Coordinates: 
0.0000000 0.0000000 10.0000000
2.5909902 0.0000000 10.0000000
1.2954951 2.4555058 10.0000000
-1.2954951 2.4555058 10.0000000
2.5909902 1.3669750 12.2010473
0.0000000 1.3669750 12.2010473
-1.2954951 3.8224808 12.2010473
1.2954951 3.8224808 12.2010473
-0.0002326 2.7901238 14.4276759
2.5906798 2.7901052 14.4276860
3.8859595 0.3493817 14.3545520
1.2949552 0.3493888 14.3545788

Crystal Axes: 
5.181980 0.000000 0.000000
-2.590990 4.911012 0.000000
0.000000 0.000000 24.402095
