Order: 
['Cu', 'Cu', 'Zr', 'Zr', 'Cu', 'Cu', 'Zr', 'Zr', 'Cu', 'Cu', 'Zr', 'Zr'] 
Coordinates: 
0.0000000 0.0000000 10.0000000
3.7947805 2.6764068 10.0000000
2.8412068 0.0000000 10.0000000
0.9535737 2.6764068 10.0000000
5.6824137 4.0077287 12.3217958
1.8876332 1.3313219 12.3217958
2.8412068 4.0077287 12.3217958
4.7288400 1.3313219 12.3217958
3.7751487 2.6625519 14.5544670
7.5698862 5.3389456 14.5544586
6.6179996 2.6637083 14.5985903
4.7303503 5.3401276 14.5985871

Crystal Axes: 
5.682414 0.000000 0.000000
1.907147 5.352814 0.000000
0.000000 0.000000 24.643592
