Order: 
['Fe', 'Fe', 'La', 'La', 'Fe', 'Fe', 'La', 'La', 'Fe', 'Fe', 'La', 'La'] 
Coordinates: 
0.0000000 0.0000000 10.0000000
4.1683480 2.9440339 10.0000000
3.1238348 0.0000000 10.0000000
1.0445132 2.9440339 10.0000000
6.2476695 4.4126237 12.5515838
2.0793215 1.4685897 12.5515838
3.1238348 4.4126237 12.5515838
5.2031563 1.4685897 12.5515838
4.1585223 2.9371349 14.7298191
8.3226112 5.8780735 14.7296614
7.2856021 2.9388768 15.1567511
5.2058219 5.8836013 15.1567422

Crystal Axes: 
6.247670 0.000000 0.000000
2.089026 5.888068 0.000000
0.000000 0.000000 25.103168
