Order: 
['Fe', 'Fe', 'Rh', 'Rh', 'Fe', 'Fe', 'Rh', 'Rh', 'Fe', 'Fe', 'Rh', 'Rh'] 
Coordinates: 
0.0000000 0.0000000 10.0000000
3.4928228 2.4688271 10.0000000
2.6189302 0.0000000 10.0000000
0.8738925 2.4688271 10.0000000
5.2378605 3.7022697 12.1386273
1.7450377 1.2334426 12.1386273
2.6189302 3.7022697 12.1386273
4.3639679 1.2334426 12.1386273
3.4901870 2.4669658 14.3052454
6.9830316 4.9358052 14.3053347
6.1092514 2.4670479 14.1747563
4.3642023 4.9358893 14.1747550

Crystal Axes: 
5.237860 0.000000 0.000000
1.747785 4.937654 0.000000
0.000000 0.000000 24.277255
