Order: 
['Fe', 'Fe', 'Au', 'Au', 'Fe', 'Fe', 'Au', 'Au', 'Fe', 'Fe', 'Au', 'Au'] 
Coordinates: 
0.0000000 0.0000000 10.0000000
4.1567707 2.4369893 10.0000000
2.7927520 0.0000000 10.0000000
1.3640187 2.4369893 10.0000000
5.5855040 3.2746125 12.2885157
1.4287333 0.8376232 12.2885157
2.7927520 3.2746125 12.2885157
4.2214853 0.8376232 12.2885157
2.7481861 1.6111770 14.4247941
6.9053005 4.0483700 14.4253408
5.6193296 1.6573111 14.6689417
4.1907475 4.0940379 14.6689464

Crystal Axes: 
5.585504 0.000000 0.000000
2.728037 4.873979 0.000000
0.000000 0.000000 24.577031
