Order: 
['Fe', 'Fe', 'Ta', 'Ta', 'Fe', 'Fe', 'Ta', 'Ta', 'Fe', 'Fe', 'Ta', 'Ta'] 
Coordinates: 
0.0000000 0.0000000 10.0000000
3.5403972 2.5075436 10.0000000
2.6582027 0.0000000 10.0000000
0.8821945 2.5075436 10.0000000
5.3164055 3.7654301 12.1692156
1.7760082 1.2578865 12.1692156
2.6582027 3.7654301 12.1692156
4.4342110 1.2578865 12.1692156
3.5490936 2.5136679 14.1302038
0.0087265 0.0062156 14.1302195
0.8898485 2.5129754 14.3378558
2.6658527 0.0054067 14.3378550

Crystal Axes: 
5.316405 0.000000 0.000000
1.764389 5.015087 0.000000
0.000000 0.000000 24.338431
