Order: 
['Fe', 'Fe', 'Pd', 'Pd', 'Fe', 'Fe', 'Pd', 'Pd', 'Fe', 'Fe', 'Pd', 'Pd'] 
Coordinates: 
0.0000000 0.0000000 10.0000000
4.0357859 2.3602685 10.0000000
2.7080766 0.0000000 10.0000000
1.3277093 2.3602685 10.0000000
5.4161533 3.1675555 12.2179168
1.3803674 0.8072870 12.2179168
2.7080766 3.1675555 12.2179168
4.0884440 0.8072870 12.2179168
2.7509504 1.6088510 14.3382975
6.7867137 3.9691071 14.3383480
5.5127232 1.6403176 14.4475716
4.1324103 4.0004932 14.4475711

Crystal Axes: 
5.416153 0.000000 0.000000
2.655419 4.720537 0.000000
0.000000 0.000000 24.435834
