Order: 
['Fe', 'Fe', 'Hf', 'Hf', 'Fe', 'Fe', 'Hf', 'Hf', 'Fe', 'Fe', 'Hf', 'Hf'] 
Coordinates: 
0.0000000 0.0000000 10.0000000
3.6276939 2.5628488 10.0000000
2.7191320 0.0000000 10.0000000
0.9085619 2.5628488 10.0000000
5.4382640 3.8419583 12.2208272
1.8105701 1.2791094 12.2208272
2.7191320 3.8419583 12.2208272
4.5297021 1.2791094 12.2208272
3.6220964 2.5588955 14.3217126
7.2497351 5.1217027 14.3216964
6.3424439 2.5596788 14.4765413
4.5318038 5.1226270 14.4765404

Crystal Axes: 
5.438264 0.000000 0.000000
1.817124 5.125698 0.000000
0.000000 0.000000 24.441654
