Order: 
['Fe', 'Fe', 'Y', 'Y', 'Fe', 'Fe', 'Y', 'Y', 'Fe', 'Fe', 'Y', 'Y'] 
Coordinates: 
0.0000000 0.0000000 10.0000000
3.9604244 2.8374253 10.0000000
2.9966414 0.0000000 10.0000000
0.9637830 2.8374253 10.0000000
5.9932829 4.2938561 12.4351163
2.0328585 1.4564308 12.4351163
2.9966414 4.2938561 12.4351163
5.0294999 1.4564308 12.4351163
4.0647600 2.9122023 14.6197058
0.1046495 0.0749495 14.6195862
1.0421701 2.8936499 14.8697765
3.0751073 0.0561510 14.8697771

Crystal Axes: 
5.993283 0.000000 0.000000
1.927566 5.674851 0.000000
0.000000 0.000000 24.870233
