Order: 
['Fe', 'Fe', 'Pt', 'Pt', 'Fe', 'Fe', 'Pt', 'Pt', 'Fe', 'Fe', 'Pt', 'Pt'] 
Coordinates: 
0.0000000 0.0000000 10.0000000
4.0230520 2.3660644 10.0000000
2.7072989 0.0000000 10.0000000
1.3157532 2.3660644 10.0000000
5.4145977 3.1844696 12.2200166
1.3915457 0.8184052 12.2200166
2.7072989 3.1844696 12.2200166
4.0988446 0.8184052 12.2200166
2.8263809 1.6622696 14.3975386
6.8497340 4.0285112 14.3980217
5.5785259 1.6889731 14.4187890
4.1872665 4.0545516 14.4187901

Crystal Axes: 
5.414598 0.000000 0.000000
2.631506 4.732129 0.000000
0.000000 0.000000 24.440033
