Order: 
['Fe', 'Fe', 'Cd', 'Cd', 'Fe', 'Fe', 'Cd', 'Cd', 'Fe', 'Fe', 'Cd', 'Cd'] 
Coordinates: 
0.0000000 0.0000000 10.0000000
2.8151587 0.0000000 10.0000000
1.4075793 2.5270918 10.0000000
-1.4075793 2.5270918 10.0000000
2.8151587 1.5680314 12.3380325
-0.0000000 1.5680314 12.3380325
-1.4075793 4.0951232 12.3380325
1.4075793 4.0951232 12.3380325
0.0000021 2.8271861 14.4518002
2.8151481 2.8271516 14.4517445
4.2228099 0.3823518 15.0167567
1.4074962 0.3823404 15.0167740

Crystal Axes: 
5.630317 0.000000 0.000000
-2.815159 5.054184 0.000000
0.000000 0.000000 24.676065
