Order: 
['Fe', 'Fe', 'Hg', 'Hg', 'Fe', 'Fe', 'Hg', 'Hg', 'Fe', 'Fe', 'Hg', 'Hg'] 
Coordinates: 
0.0000000 0.0000000 10.0000000
4.2744257 2.5275779 10.0000000
2.8845238 0.0000000 10.0000000
1.3899019 2.5275779 10.0000000
5.7690476 3.4113863 12.3680230
1.4946219 0.8838084 12.3680230
2.8845238 3.4113863 12.3680230
4.3791457 0.8838084 12.3680230
2.5485612 1.5070168 14.4977192
6.8229179 4.0345836 14.4976515
5.5144456 1.5551288 15.2426841
4.0198026 4.0827208 15.2426845

Crystal Axes: 
5.769048 0.000000 0.000000
2.779804 5.055156 0.000000
0.000000 0.000000 24.736046
