Order: 
['Fe', 'Fe', 'Cu', 'Cu', 'Fe', 'Fe', 'Cu', 'Cu', 'Fe', 'Fe', 'Cu', 'Cu'] 
Coordinates: 
0.0000000 0.0000000 10.0000000
2.5453111 0.0000000 10.0000000
1.2726556 2.2684167 10.0000000
-1.2726556 2.2684167 10.0000000
2.5453111 1.4280024 12.1069926
-0.0000000 1.4280024 12.1069926
-1.2726556 3.6964190 12.1069926
1.2726556 3.6964190 12.1069926
-0.0000004 2.8417706 14.1587755
2.5453109 2.8417282 14.1588227
3.8180905 0.5884399 14.2398955
1.2725312 0.5884407 14.2398958

Crystal Axes: 
5.090622 0.000000 0.000000
-2.545311 4.536833 0.000000
0.000000 0.000000 24.213985
