Order: 
['Fe', 'Fe', 'Ru', 'Ru', 'Fe', 'Fe', 'Ru', 'Ru', 'Fe', 'Fe', 'Ru', 'Ru'] 
Coordinates: 
0.0000000 0.0000000 10.0000000
3.9324133 2.2828807 10.0000000
2.6288461 0.0000000 10.0000000
1.3035672 2.2828807 10.0000000
5.2576921 3.0522437 12.1493312
1.3252788 0.7693630 12.1493312
2.6288461 3.0522437 12.1493312
3.9541249 0.7693630 12.1493312
2.6247837 1.5237651 14.2382877
6.5569047 3.8064732 14.2381015
5.2652065 1.5303757 14.2448228
3.9398358 3.8134201 14.2448228

Crystal Axes: 
5.257692 0.000000 0.000000
2.607134 4.565761 0.000000
0.000000 0.000000 24.298662
