Order: 
['Fe', 'Fe', 'Tc', 'Tc', 'Fe', 'Fe', 'Tc', 'Tc', 'Fe', 'Fe', 'Tc', 'Tc'] 
Coordinates: 
0.0000000 0.0000000 10.0000000
2.6178698 0.0000000 10.0000000
1.3089349 2.2734788 10.0000000
-1.3089349 2.2734788 10.0000000
2.6178698 1.5072149 12.1404545
0.0000000 1.5072149 12.1404545
-1.3089349 3.7806937 12.1404545
1.3089349 3.7806937 12.1404545
0.0000007 3.0310805 14.2516085
2.6178693 3.0310496 14.2515430
3.9268223 0.7731226 14.2260342
1.3089168 0.7731227 14.2260338

Crystal Axes: 
5.235740 0.000000 0.000000
-2.617870 4.546958 0.000000
0.000000 0.000000 24.280909
