Order: 
['Fe', 'Fe', 'Zn', 'Zn', 'Fe', 'Fe', 'Zn', 'Zn', 'Fe', 'Fe', 'Zn', 'Zn'] 
Coordinates: 
0.0000000 0.0000000 10.0000000
2.5763417 0.0000000 10.0000000
1.2881709 2.3360123 10.0000000
-1.2881709 2.3360123 10.0000000
2.5763417 1.4206981 12.1492216
-0.0000000 1.4206981 12.1492216
-1.2881709 3.7567104 12.1492216
1.2881709 3.7567104 12.1492216
0.0000683 2.7874526 14.2103150
2.5764098 2.7872061 14.2103118
3.8641031 0.4828945 14.4795225
1.2884767 0.4828957 14.4795229

Crystal Axes: 
5.152683 0.000000 0.000000
-2.576342 4.672025 0.000000
0.000000 0.000000 24.298443
