Order: 
['Fe', 'Fe', 'Zr', 'Zr', 'Fe', 'Fe', 'Zr', 'Zr', 'Fe', 'Fe', 'Zr', 'Zr'] 
Coordinates: 
0.0000000 0.0000000 10.0000000
3.6482490 2.5872232 10.0000000
2.7415131 0.0000000 10.0000000
0.9067359 2.5872232 10.0000000
5.4830262 3.8883894 12.2362224
1.8347772 1.3011661 12.2362224
2.7415131 3.8883894 12.2362224
4.5762903 1.3011661 12.2362224
3.6656301 2.5995512 14.3465948
0.0172783 0.0122517 14.3465441
0.9209933 2.5971151 14.5612800
2.7555642 0.0101838 14.5612765

Crystal Axes: 
5.483026 0.000000 0.000000
1.813472 5.174446 0.000000
0.000000 0.000000 24.472445
