Order: 
['Fe', 'Fe', 'Ir', 'Ir', 'Fe', 'Fe', 'Ir', 'Ir', 'Fe', 'Fe', 'Ir', 'Ir'] 
Coordinates: 
0.0000000 0.0000000 10.0000000
3.9076947 2.3141192 10.0000000
2.6390529 0.0000000 10.0000000
1.2686419 2.3141192 10.0000000
5.2781057 3.1256704 12.1671484
1.3704110 0.8115512 12.1671484
2.6390529 3.1256704 12.1671484
4.0094638 0.8115512 12.1671484
2.6820656 1.5883085 14.3476291
6.5899847 3.9025596 14.3473660
5.3437841 1.6013267 14.3209468
3.9730190 3.9160428 14.3209462

Crystal Axes: 
5.278106 0.000000 0.000000
2.537284 4.628238 0.000000
0.000000 0.000000 24.334297
