Order: 
['Fe', 'Fe', 'Os', 'Os', 'Fe', 'Fe', 'Os', 'Os', 'Fe', 'Fe', 'Os', 'Os'] 
Coordinates: 
0.0000000 0.0000000 10.0000000
3.8833272 2.2888147 10.0000000
2.6161719 0.0000000 10.0000000
1.2671553 2.2888147 10.0000000
5.2323437 3.0839187 12.1462717
1.3490166 0.7951040 12.1462717
2.6161719 3.0839187 12.1462717
3.9651884 0.7951040 12.1462717
2.6522631 1.5632324 14.2352939
6.5354366 3.8519552 14.2351947
5.2713201 1.5649624 14.2215705
3.9223305 3.8537319 14.2215712

Crystal Axes: 
5.232344 0.000000 0.000000
2.534311 4.577629 0.000000
0.000000 0.000000 24.292543
