Order: 
['Fe', 'Fe', 'Ni', 'Ni', 'Fe', 'Fe', 'Ni', 'Ni', 'Fe', 'Fe', 'Ni', 'Ni'] 
Coordinates: 
0.0000000 0.0000000 10.0000000
2.5261330 0.0000000 10.0000000
1.2630665 2.1984273 10.0000000
-1.2630665 2.1984273 10.0000000
2.5261330 1.4513438 12.0675950
0.0000000 1.4513438 12.0675950
-1.2630665 3.6497711 12.0675950
1.2630665 3.6497711 12.0675950
0.0000056 2.9170830 14.1180667
2.5261272 2.9172792 14.1179166
3.7894338 0.7193543 14.1064247
1.2628339 0.7193453 14.1064078

Crystal Axes: 
5.052266 0.000000 0.000000
-2.526133 4.396855 0.000000
0.000000 0.000000 24.135190
