Order: 
['Fe', 'Fe', 'Ag', 'Ag', 'Fe', 'Fe', 'Ag', 'Ag', 'Fe', 'Fe', 'Ag', 'Ag'] 
Coordinates: 
0.0000000 0.0000000 10.0000000
2.7522174 0.0000000 10.0000000
1.3761087 2.4751104 10.0000000
-1.3761087 2.4751104 10.0000000
2.7522174 1.5301742 12.2876336
0.0000000 1.5301742 12.2876336
-1.3761087 4.0052847 12.2876336
1.3761087 4.0052847 12.2876336
0.0001035 2.8751519 14.3742521
2.7523222 2.8751015 14.3742135
4.1283073 0.4868724 14.7083508
1.3762755 0.4868699 14.7083502

Crystal Axes: 
5.504435 0.000000 0.000000
-2.752217 4.950221 0.000000
0.000000 0.000000 24.575267
