Order: 
['Hf', 'Hf', 'Ta', 'Ta', 'Hf', 'Hf', 'Ta', 'Ta', 'Hf', 'Hf', 'Ta', 'Ta'] 
Coordinates: 
0.0000000 0.0000000 10.0000000
2.9574825 0.0000000 10.0000000
1.4787412 2.7501599 10.0000000
-1.4787412 2.7501599 10.0000000
2.9574825 1.5902171 12.4935742
0.0000000 1.5902171 12.4935742
-1.4787412 4.3403770 12.4935742
1.4787412 4.3403770 12.4935742
-0.0001352 3.2402426 14.9977231
2.9573457 3.2402484 14.9977314
4.4362092 0.3883103 14.8001991
1.4787193 0.3883052 14.8001955

Crystal Axes: 
5.914965 0.000000 0.000000
-2.957482 5.500320 0.000000
0.000000 0.000000 24.987148
