Order: 
['Hf', 'Hf', 'Au', 'Au', 'Hf', 'Hf', 'Au', 'Au', 'Hf', 'Hf', 'Au', 'Au'] 
Coordinates: 
0.0000000 0.0000000 10.0000000
4.2872545 2.6708108 10.0000000
2.9755385 0.0000000 10.0000000
1.3117160 2.6708108 10.0000000
5.9510770 3.7073145 12.4614814
1.6638225 1.0365037 12.4614814
2.9755385 3.7073145 12.4614814
4.6393610 1.0365037 12.4614814
3.3279049 2.0731709 14.8354604
7.6151648 4.7439865 14.8354674
6.3137704 2.0796150 14.9200174
4.6499533 4.7504177 14.9199520

Crystal Axes: 
5.951077 0.000000 0.000000
2.623432 5.341622 0.000000
0.000000 0.000000 24.922963
