Order: 
['Hf', 'Hf', 'Re', 'Re', 'Hf', 'Hf', 'Re', 'Re', 'Hf', 'Hf', 'Re', 'Re'] 
Coordinates: 
0.0000000 0.0000000 10.0000000
3.7913296 2.6716208 10.0000000
2.8369648 0.0000000 10.0000000
0.9543647 2.6716208 10.0000000
5.6739297 3.9982249 12.3189823
1.8826001 1.3266041 12.3189823
2.8369648 3.9982249 12.3189823
4.7195649 1.3266041 12.3189823
3.7709748 2.6572679 14.6237532
7.5622819 5.3288899 14.6237526
6.6045255 2.6548832 14.5655231
4.7219471 5.3264914 14.5654751

Crystal Axes: 
5.673930 0.000000 0.000000
1.908729 5.343242 0.000000
0.000000 0.000000 24.637965
