Order: 
['Hf', 'Hf', 'Os', 'Os', 'Hf', 'Hf', 'Os', 'Os', 'Hf', 'Hf', 'Os', 'Os'] 
Coordinates: 
0.0000000 0.0000000 10.0000000
3.7832206 2.6571833 10.0000000
2.8247601 0.0000000 10.0000000
0.9584605 2.6571833 10.0000000
5.6495203 3.9679978 12.3113608
1.8662997 1.3108145 12.3113608
2.8247601 3.9679978 12.3113608
4.6910598 1.3108145 12.3113608
3.7499205 2.6337866 14.6326846
7.5331256 5.2909731 14.6326866
6.5664906 2.6280633 14.4752175
4.7002246 5.2852321 14.4751899

Crystal Axes: 
5.649520 0.000000 0.000000
1.916921 5.314367 0.000000
0.000000 0.000000 24.622722
