Order: 
['Hf', 'Hf', 'W', 'W', 'Hf', 'Hf', 'W', 'W', 'Hf', 'Hf', 'W', 'W'] 
Coordinates: 
0.0000000 0.0000000 10.0000000
2.8316181 0.0000000 10.0000000
1.4158091 2.7337256 10.0000000
-1.4158091 2.7337256 10.0000000
2.8316181 1.4665081 12.4222748
0.0000000 1.4665081 12.4222748
-1.4158091 4.2002337 12.4222748
1.4158091 4.2002337 12.4222748
-0.0000012 3.0082879 14.9697706
2.8316210 3.0082932 14.9697723
4.2474259 0.1349403 14.6238757
1.4158068 0.1349385 14.6238759

Crystal Axes: 
5.663236 0.000000 0.000000
-2.831618 5.467451 0.000000
0.000000 0.000000 24.844550
