Order: 
['Hf', 'Hf', 'Y', 'Y', 'Hf', 'Hf', 'Y', 'Y', 'Hf', 'Hf', 'Y', 'Y'] 
Coordinates: 
0.0000000 0.0000000 10.0000000
-0.0000000 5.9241758 10.0000000
1.6375951 2.9620879 10.0000000
-1.6375951 2.9620879 10.0000000
3.2751901 1.8106941 12.7291495
-0.0000000 1.8106941 12.7291495
-1.6375951 4.7727820 12.7291495
1.6375951 4.7727820 12.7291495
-0.0005492 3.5756722 15.2108137
3.2757403 3.5757836 15.2108680
4.9128560 0.7375677 15.4977241
1.6374921 0.7377543 15.4976744

Crystal Axes: 
6.550380 0.000000 0.000000
-3.275190 5.924176 0.000000
0.000000 0.000000 25.458299
