Order: 
['Hf', 'Hf', 'Pt', 'Pt', 'Hf', 'Hf', 'Pt', 'Pt', 'Hf', 'Hf', 'Pt', 'Pt'] 
Coordinates: 
0.0000000 0.0000000 10.0000000
3.9053385 2.7031183 10.0000000
2.8881641 0.0000000 10.0000000
1.0171743 2.7031183 10.0000000
5.7763282 3.9981422 12.3727118
1.8709898 1.2950239 12.3727118
2.8881641 3.9981422 12.3727118
4.7591539 1.2950239 12.3727118
3.7592222 2.6019831 14.7375177
7.6645584 5.3050994 14.7375173
6.6479524 2.6023731 14.5552887
4.7769624 5.3054937 14.5552879

Crystal Axes: 
5.776328 0.000000 0.000000
2.034349 5.406237 0.000000
0.000000 0.000000 24.745424
