Order: 
['Hf', 'Hf', 'Ir', 'Ir', 'Hf', 'Hf', 'Ir', 'Ir', 'Hf', 'Hf', 'Ir', 'Ir'] 
Coordinates: 
0.0000000 0.0000000 10.0000000
4.0121187 2.6040836 10.0000000
2.8511554 0.0000000 10.0000000
1.1609633 2.6040836 10.0000000
5.7023109 3.7011104 12.3617332
1.6901922 1.0970268 12.3617332
2.8511554 3.7011104 12.3617332
4.5413476 1.0970268 12.3617332
3.6975521 2.3999099 14.7289022
7.7096700 5.0040015 14.7289021
6.5561963 2.4047697 14.5305372
4.8660059 5.0088602 14.5305366

Crystal Axes: 
5.702311 0.000000 0.000000
2.321927 5.208167 0.000000
0.000000 0.000000 24.723466
