Order: 
['Hf', 'Hf', 'Hg', 'Hg', 'Hf', 'Hf', 'Hg', 'Hg', 'Hf', 'Hf', 'Hg', 'Hg'] 
Coordinates: 
0.0000000 0.0000000 10.0000000
4.6592419 2.7021207 10.0000000
3.1131665 0.0000000 10.0000000
1.5460754 2.7021207 10.0000000
6.2263330 3.6109530 12.5446965
1.5670911 0.9088323 12.5446965
3.1131665 3.6109530 12.5446965
4.6802576 0.9088323 12.5446965
3.1393268 1.8206523 14.9923247
7.7985380 4.5227495 14.9923217
6.2586032 1.8241956 15.2785824
4.6915222 4.5263116 15.2785701

Crystal Axes: 
6.226333 0.000000 0.000000
3.092151 5.404241 0.000000
0.000000 0.000000 25.089393
