Order: 
['Ir', 'Ir', 'Pt', 'Pt', 'Ir', 'Ir', 'Pt', 'Pt', 'Ir', 'Ir', 'Pt', 'Pt'] 
Coordinates: 
0.0000000 0.0000000 10.0000000
4.1499898 2.4126383 10.0000000
2.7763006 0.0000000 10.0000000
1.3736892 2.4126383 10.0000000
5.5526013 3.2280605 12.2706629
1.4026115 0.8154223 12.2706629
2.7763006 3.2280605 12.2706629
4.1789121 0.8154223 12.2706629
2.7643883 1.6071047 14.4680797
6.9143621 4.0197322 14.4680633
5.5650654 1.6212844 14.5762737
4.1624618 4.0339068 14.5762764

Crystal Axes: 
5.552601 0.000000 0.000000
2.747378 4.825277 0.000000
0.000000 0.000000 24.541326
