Order: 
['Ir', 'Ir', 'Au', 'Au', 'Ir', 'Ir', 'Au', 'Au', 'Ir', 'Ir', 'Au', 'Au'] 
Coordinates: 
0.0000000 0.0000000 10.0000000
2.8217420 0.0000000 10.0000000
1.4108710 2.4942248 10.0000000
-1.4108710 2.4942248 10.0000000
2.8217420 1.5961328 12.3269268
-0.0000000 1.5961328 12.3269268
-1.4108710 4.0903576 12.3269268
1.4108710 4.0903576 12.3269268
-0.0000007 2.6741982 14.5735499
2.8217363 2.6742112 14.5735527
4.2326270 0.2214566 14.9624147
1.4108460 0.2214473 14.9624197

Crystal Axes: 
5.643484 0.000000 0.000000
-2.821742 4.988450 0.000000
0.000000 0.000000 24.653854
