Order: 
['Ir', 'Ir', 'Hg', 'Hg', 'Ir', 'Ir', 'Hg', 'Hg', 'Ir', 'Ir', 'Hg', 'Hg'] 
Coordinates: 
0.0000000 0.0000000 10.0000000
4.2949522 2.5632739 10.0000000
2.9123709 0.0000000 10.0000000
1.3825813 2.5632739 10.0000000
5.8247418 3.4762689 12.3951646
1.5297896 0.9129950 12.3951646
2.9123709 3.4762689 12.3951646
4.4421605 0.9129950 12.3951646
2.5116723 1.4990231 14.6026025
6.8066510 4.0622636 14.6025675
5.4850499 1.5354260 15.2662577
3.9552876 4.0986952 15.2662385

Crystal Axes: 
5.824742 0.000000 0.000000
2.765163 5.126548 0.000000
0.000000 0.000000 24.790329
