Order: 
['La', 'La', 'Rh', 'Rh', 'La', 'La', 'Rh', 'Rh', 'La', 'La', 'Rh', 'Rh'] 
Coordinates: 
0.0000000 0.0000000 10.0000000
4.1837542 2.9568535 10.0000000
3.1367500 0.0000000 10.0000000
1.0470042 2.9568535 10.0000000
6.2734999 4.4337739 12.5615793
2.0897457 1.4769204 12.5615793
3.1367500 4.4337739 12.5615793
5.2264957 1.4769204 12.5615793
4.1819077 2.9555350 15.1573747
8.3655348 5.9123149 15.1575683
7.3158018 2.9535148 14.8438947
5.2260421 5.9103702 14.8438948

Crystal Axes: 
6.273500 0.000000 0.000000
2.094008 5.913707 0.000000
0.000000 0.000000 25.123159
