Order: 
['La', 'La', 'Os', 'Os', 'La', 'La', 'Os', 'Os', 'La', 'La', 'Os', 'Os'] 
Coordinates: 
0.0000000 0.0000000 10.0000000
4.1493136 2.9387369 10.0000000
3.1153319 0.0000000 10.0000000
1.0339817 2.9387369 10.0000000
6.2306637 4.4128459 12.5422779
2.0813502 1.4741090 12.5422779
3.1153319 4.4128459 12.5422779
5.1966820 1.4741090 12.5422779
4.1546707 2.9425358 15.1602993
0.0053773 0.0038163 15.1603190
1.0608652 2.9577174 14.7992593
3.1422201 0.0190541 14.7993234

Crystal Axes: 
6.230664 0.000000 0.000000
2.067963 5.877474 0.000000
0.000000 0.000000 25.084556
