Order: 
['La', 'La', 'Zr', 'Zr', 'La', 'La', 'Zr', 'Zr', 'La', 'La', 'Zr', 'Zr'] 
Coordinates: 
0.0000000 0.0000000 10.0000000
3.3978349 0.0000000 10.0000000
1.6989174 3.0330228 10.0000000
-1.6989174 3.0330228 10.0000000
3.3978349 1.9032633 12.8147594
-0.0000000 1.9032633 12.8147594
-1.6989174 4.9362860 12.8147594
1.6989174 4.9362860 12.8147594
0.0000067 3.8761019 15.7621589
3.3978429 3.8760977 15.7621565
5.0967350 0.6696908 15.3540645
1.6989135 0.6697016 15.3540537

Crystal Axes: 
6.795670 0.000000 0.000000
-3.397835 6.066046 0.000000
0.000000 0.000000 25.629519
