Order: 
['La', 'La', 'Tc', 'Tc', 'La', 'La', 'Tc', 'Tc', 'La', 'La', 'Tc', 'Tc'] 
Coordinates: 
0.0000000 0.0000000 10.0000000
4.1377465 2.9270800 10.0000000
3.1041949 0.0000000 10.0000000
1.0335516 2.9270800 10.0000000
6.2083898 4.3918721 12.5342023
2.0706433 1.4647921 12.5342023
3.1041949 4.3918721 12.5342023
5.1748382 1.4647921 12.5342023
4.1393002 2.9281929 15.1012074
0.0015674 0.0010952 15.1012229
1.0380748 2.9302664 14.5332517
3.1087832 0.0032528 14.5332608

Crystal Axes: 
6.208390 0.000000 0.000000
2.067103 5.854160 0.000000
0.000000 0.000000 25.068405
