Order: 
['La', 'La', 'Y', 'Y', 'La', 'La', 'Y', 'Y', 'La', 'La', 'Y', 'Y'] 
Coordinates: 
0.0000000 0.0000000 10.0000000
5.4564410 3.1825762 10.0000000
3.6563705 0.0000000 10.0000000
1.8000705 3.1825762 10.0000000
7.3127409 4.2652995 12.9927414
1.8562999 1.0827233 12.9927414
3.6563705 4.2652995 12.9927414
5.5126704 1.0827233 12.9927414
3.7009792 2.1586559 15.9979764
9.1574063 5.3412501 15.9979850
7.3659913 2.1637504 15.8504956
5.5097333 5.3462784 15.8504100

Crystal Axes: 
7.312741 0.000000 0.000000
3.600141 6.365152 0.000000
0.000000 0.000000 25.985483
