Order: 
['La', 'La', 'Pt', 'Pt', 'La', 'La', 'Pt', 'Pt', 'La', 'La', 'Pt', 'Pt'] 
Coordinates: 
0.0000000 0.0000000 10.0000000
4.2681909 3.0106485 10.0000000
3.1959042 0.0000000 10.0000000
1.0722868 3.0106485 10.0000000
6.3918083 4.5085818 12.6115513
2.1236174 1.4979333 12.6115513
3.1959042 4.5085818 12.6115513
5.3195215 1.4979333 12.6115513
4.2542336 3.0007928 15.2227496
8.5221397 6.0112508 15.2227393
7.4471707 2.9984173 14.9944902
5.3232799 6.0094582 14.9944918

Crystal Axes: 
6.391808 0.000000 0.000000
2.144574 6.021297 0.000000
0.000000 0.000000 25.223103
