Order: 
['La', 'La', 'Hg', 'Hg', 'La', 'La', 'Hg', 'Hg', 'La', 'La', 'Hg', 'Hg'] 
Coordinates: 
0.0000000 0.0000000 10.0000000
4.5702556 3.2243784 10.0000000
3.4225496 0.0000000 10.0000000
1.1477061 3.2243784 10.0000000
6.8450991 4.8293119 12.7965702
2.2748435 1.6049334 12.7965702
3.4225496 4.8293119 12.7965702
5.6973930 1.6049334 12.7965702
4.5520598 3.2115273 15.5135559
9.1223091 6.4359137 15.5135646
7.9728728 3.2103704 15.5714350
5.6980895 6.4346850 15.5714567

Crystal Axes: 
6.845099 0.000000 0.000000
2.295412 6.448757 0.000000
0.000000 0.000000 25.593140
