Order: 
['La', 'La', 'Pd', 'Pd', 'La', 'La', 'Pd', 'Pd', 'La', 'La', 'Pd', 'Pd'] 
Coordinates: 
0.0000000 0.0000000 10.0000000
4.2934974 3.0151437 10.0000000
3.2054534 0.0000000 10.0000000
1.0880441 3.0151437 10.0000000
6.4109067 4.5021116 12.6229788
2.1174093 1.4869679 12.6229788
3.2054534 4.5021116 12.6229788
5.3228626 1.4869679 12.6229788
4.2517622 2.9858273 15.2712244
8.5451063 6.0008703 15.2711862
7.4507564 2.9813811 15.0240928
5.3334224 5.9964107 15.0240971

Crystal Axes: 
6.410907 0.000000 0.000000
2.176088 6.030287 0.000000
0.000000 0.000000 25.245958
