Order: 
['La', 'La', 'Nb', 'Nb', 'La', 'La', 'Nb', 'Nb', 'La', 'La', 'Nb', 'Nb'] 
Coordinates: 
0.0000000 0.0000000 10.0000000
3.1137413 0.0000000 10.0000000
1.5568706 3.0348814 10.0000000
4.6706119 3.0348814 10.0000000
3.1137413 1.5973252 12.6728145
0.0000000 1.5973252 12.6728145
-1.5568706 4.6322066 12.6728145
1.5568706 4.6322066 12.6728145
0.0001014 3.2976251 15.5980344
3.1138449 3.2976352 15.5980446
1.5563845 5.9944858 14.9759285
-1.5573933 5.9944868 14.9759226

Crystal Axes: 
6.227483 0.000000 0.000000
-3.113741 6.069763 0.000000
0.000000 0.000000 25.345629
