Order: 
['La', 'La', 'Hf', 'Hf', 'La', 'La', 'Hf', 'Hf', 'La', 'La', 'Hf', 'Hf'] 
Coordinates: 
0.0000000 0.0000000 10.0000000
-0.0000000 5.9951700 10.0000000
1.6981767 2.9975850 10.0000000
-1.6981767 2.9975850 10.0000000
3.3963534 1.9240849 12.7987700
-0.0000000 1.9240849 12.7987700
-1.6981767 4.9216699 12.7987700
1.6981767 4.9216699 12.7987700
0.0000015 3.8964963 15.7174083
3.3963551 3.8965026 15.7173970
5.0945170 0.7523119 15.3162023
1.6982093 0.7523115 15.3162056

Crystal Axes: 
6.792707 0.000000 0.000000
-3.396353 5.995170 0.000000
0.000000 0.000000 25.597540
