Order: 
['La', 'La', 'Cd', 'Cd', 'La', 'La', 'Cd', 'Cd', 'La', 'La', 'Cd', 'Cd'] 
Coordinates: 
0.0000000 0.0000000 10.0000000
4.5424148 3.2708363 10.0000000
3.4488157 0.0000000 10.0000000
1.0935992 3.2708363 10.0000000
6.8976313 4.9667466 12.7968301
2.3552165 1.6959102 12.7968301
3.4488157 4.9667466 12.7968301
5.8040322 1.6959102 12.7968301
4.6912332 3.3779444 15.4951406
0.1487773 0.1071699 15.4951315
1.2528930 3.3855436 15.5627972
3.6080464 0.1146736 15.5627908

Crystal Axes: 
6.897631 0.000000 0.000000
2.187198 6.541673 0.000000
0.000000 0.000000 25.593660
