Order: 
['La', 'La', 'Re', 'Re', 'La', 'La', 'Re', 'Re', 'La', 'La', 'Re', 'Re'] 
Coordinates: 
0.0000000 0.0000000 10.0000000
4.1698769 2.9436844 10.0000000
3.1239713 0.0000000 10.0000000
1.0459056 2.9436844 10.0000000
6.2479426 4.4106749 12.5521005
2.0780657 1.4669905 12.5521005
3.1239713 4.4106749 12.5521005
5.2020370 1.4669905 12.5521005
4.1600286 2.9367388 15.1809653
8.3296303 5.8802189 15.1807365
7.2684278 2.9255602 14.6079433
5.1908100 5.8699265 14.6080709

Crystal Axes: 
6.247943 0.000000 0.000000
2.091811 5.887369 0.000000
0.000000 0.000000 25.104201
