Order: 
['La', 'La', 'Ru', 'Ru', 'La', 'La', 'Ru', 'Ru', 'La', 'La', 'Ru', 'Ru'] 
Coordinates: 
0.0000000 0.0000000 10.0000000
4.1361803 2.9292701 10.0000000
3.1053544 0.0000000 10.0000000
1.0308260 2.9292701 10.0000000
6.2107087 4.3984648 12.5341844
2.0745284 1.4691947 12.5341844
3.1053544 4.3984648 12.5341844
5.1798828 1.4691947 12.5341844
4.1387612 2.9311105 15.1046256
0.0026035 0.0018302 15.1046269
1.0518443 2.9441479 14.6774673
3.1264277 0.0149241 14.6775731

Crystal Axes: 
6.210709 0.000000 0.000000
2.061652 5.858540 0.000000
0.000000 0.000000 25.068369
