Order: 
['La', 'La', 'Ir', 'Ir', 'La', 'La', 'Ir', 'Ir', 'La', 'La', 'Ir', 'Ir'] 
Coordinates: 
0.0000000 0.0000000 10.0000000
4.1725642 2.9576783 10.0000000
3.1345417 0.0000000 10.0000000
1.0380226 2.9576783 10.0000000
6.2690833 4.4437738 12.5572213
2.0965191 1.4860955 12.5572213
3.1345417 4.4437738 12.5572213
5.2310608 1.4860955 12.5572213
4.1845482 2.9661703 15.1422481
0.0123335 0.0087429 15.1423177
1.0581651 2.9721013 14.9153874
3.1548146 0.0142261 14.9153875

Crystal Axes: 
6.269083 0.000000 0.000000
2.076045 5.915357 0.000000
0.000000 0.000000 25.114443
