Order: 
['La', 'La', 'Ag', 'Ag', 'La', 'La', 'Ag', 'Ag', 'La', 'La', 'Ag', 'Ag'] 
Coordinates: 
0.0000000 0.0000000 10.0000000
4.4634447 3.1640121 10.0000000
3.3531625 0.0000000 10.0000000
1.1102822 3.1640121 10.0000000
6.7063250 4.7539277 12.7355330
2.2428804 1.5899156 12.7355330
3.3531625 4.7539277 12.7355330
5.5960429 1.5899156 12.7355330
4.4822161 3.1773119 15.4441897
0.0188043 0.0133360 15.4442885
1.1309314 3.1787279 15.3124126
3.3738699 0.0146054 15.3124209

Crystal Axes: 
6.706325 0.000000 0.000000
2.220564 6.328024 0.000000
0.000000 0.000000 25.471066
