Order: 
['La', 'La', 'W', 'W', 'La', 'La', 'W', 'W', 'La', 'La', 'W', 'W'] 
Coordinates: 
0.0000000 0.0000000 10.0000000
2.9238590 0.0000000 10.0000000
1.4619295 3.0473192 10.0000000
-1.4619295 3.0473192 10.0000000
2.9238590 1.4027004 12.5654206
0.0000000 1.4027004 12.5654206
-1.4619295 4.4500195 12.5654206
1.4619295 4.4500195 12.5654206
0.0002563 3.0368157 15.4644510
2.9240999 3.0367687 15.4644589
1.4621059 5.7187255 14.7664443
-1.4618048 5.7187357 14.7664582

Crystal Axes: 
5.847718 0.000000 0.000000
-2.923859 6.094638 0.000000
0.000000 0.000000 25.130841
