Order: 
['La', 'La', 'Au', 'Au', 'La', 'La', 'Au', 'Au', 'La', 'La', 'Au', 'Au'] 
Coordinates: 
0.0000000 0.0000000 10.0000000
4.4822229 3.0470005 10.0000000
3.2767819 0.0000000 10.0000000
1.2054410 3.0470005 10.0000000
6.5535639 4.4550913 12.7021273
2.0713410 1.4080908 12.7021273
3.2767819 4.4550913 12.7021273
5.3481229 1.4080908 12.7021273
4.2673377 2.9009200 15.4219579
8.7520150 5.9496131 15.4218063
7.5363223 2.8949116 15.2628773
5.4643514 5.9428916 15.2628098

Crystal Axes: 
6.553564 0.000000 0.000000
2.410882 6.094001 0.000000
0.000000 0.000000 25.404255
