Order: 
['La', 'La', 'Ta', 'Ta', 'La', 'La', 'Ta', 'Ta', 'La', 'La', 'Ta', 'Ta'] 
Coordinates: 
0.0000000 0.0000000 10.0000000
3.1029749 0.0000000 10.0000000
1.5514874 3.0321273 10.0000000
-1.5514874 3.0321273 10.0000000
3.1029749 1.5877389 12.6659966
-0.0000000 1.5877389 12.6659966
-1.5514874 4.6198662 12.6659966
1.5514874 4.6198662 12.6659966
-0.0000915 3.3092682 15.5576015
3.1028836 3.3092565 15.5576174
1.5514365 6.0316906 15.0029564
-1.5515061 6.0317160 15.0029484

Crystal Axes: 
6.205950 0.000000 0.000000
-3.102975 6.064255 0.000000
0.000000 0.000000 25.331993
