Order: 
['La', 'La', 'Mo', 'Mo', 'La', 'La', 'Mo', 'Mo', 'La', 'La', 'Mo', 'Mo'] 
Coordinates: 
0.0000000 0.0000000 10.0000000
2.9647750 0.0000000 10.0000000
1.4823875 3.0175433 10.0000000
-1.4823875 3.0175433 10.0000000
2.9647750 1.4564648 12.5823635
-0.0000000 1.4564648 12.5823635
-1.4823875 4.4740081 12.5823635
1.4823875 4.4740081 12.5823635
-0.0000513 3.0764943 15.4729062
2.9647247 3.0765217 15.4728977
1.4823486 5.6540449 14.6514215
-1.4824143 5.6540860 14.6514052

Crystal Axes: 
5.929550 0.000000 0.000000
-2.964775 6.035087 0.000000
0.000000 0.000000 25.164727
