Order: 
['Mn', 'Mn', 'Rh', 'Rh', 'Mn', 'Mn', 'Rh', 'Rh', 'Mn', 'Mn', 'Rh', 'Rh'] 
Coordinates: 
0.0000000 0.0000000 10.0000000
3.5282705 2.4904099 10.0000000
2.6430562 0.0000000 10.0000000
0.8852143 2.4904099 10.0000000
5.2861124 3.7311727 12.1593169
1.7578418 1.2407628 12.1593169
2.6430562 3.7311727 12.1593169
4.4008980 1.2407628 12.1593169
3.5166917 2.4822373 14.3871602
7.0449602 4.9726454 14.3871648
6.1599716 2.4823918 14.2103011
4.4021270 4.9728060 14.2103015

Crystal Axes: 
5.286112 0.000000 0.000000
1.770429 4.980820 0.000000
0.000000 0.000000 24.318634
