Order: 
['Mn', 'Mn', 'Ir', 'Ir', 'Mn', 'Mn', 'Ir', 'Ir', 'Mn', 'Mn', 'Ir', 'Ir'] 
Coordinates: 
0.0000000 0.0000000 10.0000000
3.7593629 2.4084943 10.0000000
2.6512011 0.0000000 10.0000000
1.1081618 2.4084943 10.0000000
5.3024022 3.3970665 12.1962627
1.5430393 0.9885722 12.1962627
2.6512011 3.3970665 12.1962627
4.1942405 0.9885722 12.1962627
3.4339760 2.2000318 14.5277954
7.1930678 4.6083500 14.5277320
6.0890340 2.2027032 14.2464583
4.5461790 4.6109119 14.2464578

Crystal Axes: 
5.302402 0.000000 0.000000
2.216324 4.816989 0.000000
0.000000 0.000000 24.392525
