Order: 
['Mn', 'Mn', 'Au', 'Au', 'Mn', 'Mn', 'Au', 'Au', 'Mn', 'Mn', 'Au', 'Au'] 
Coordinates: 
0.0000000 0.0000000 10.0000000
3.7803284 2.6519832 10.0000000
2.8203764 0.0000000 10.0000000
0.9599520 2.6519832 10.0000000
5.6407527 3.9571117 12.3086045
1.8604244 1.3051285 12.3086045
2.8203764 3.9571117 12.3086045
4.6808007 1.3051285 12.3086045
3.7209551 2.6103198 14.6141109
7.5012568 5.2623099 14.6140974
6.5454703 2.6132634 14.5690639
4.6851029 5.2652290 14.5690995

Crystal Axes: 
5.640753 0.000000 0.000000
1.919904 5.303966 0.000000
0.000000 0.000000 24.617209
