Order: 
['Mn', 'Mn', 'Ta', 'Ta', 'Mn', 'Mn', 'Ta', 'Ta', 'Mn', 'Mn', 'Ta', 'Ta'] 
Coordinates: 
0.0000000 0.0000000 10.0000000
3.5372315 2.5006020 10.0000000
2.6525005 0.0000000 10.0000000
0.8847309 2.5006020 10.0000000
5.3050010 3.7503048 12.1659301
1.7677696 1.2497028 12.1659301
2.6525005 3.7503048 12.1659301
4.4202701 1.2497028 12.1659301
3.5360214 2.4997462 14.2083174
7.0732128 5.0003197 14.2083184
6.1886736 2.4998153 14.3603906
4.4208682 5.0004680 14.3603893

Crystal Axes: 
5.305001 0.000000 0.000000
1.769462 5.001204 0.000000
0.000000 0.000000 24.331860
