Order: 
['Mn', 'Mn', 'Nb', 'Nb', 'Mn', 'Mn', 'Nb', 'Nb', 'Mn', 'Mn', 'Nb', 'Nb'] 
Coordinates: 
0.0000000 0.0000000 10.0000000
3.5409525 2.5034961 10.0000000
2.6554772 0.0000000 10.0000000
0.8854753 2.5034961 10.0000000
5.3109545 3.7549088 12.1682848
1.7700019 1.2514127 12.1682848
2.6554772 3.7549088 12.1682848
4.4254792 1.2514127 12.1682848
3.5402955 2.5030283 14.2144340
7.0812785 5.0065529 14.2144736
6.1958400 2.5030745 14.3960603
4.4258307 5.0065748 14.3960601

Crystal Axes: 
5.310954 0.000000 0.000000
1.770951 5.006992 0.000000
0.000000 0.000000 24.336570
