Order: 
['Mn', 'Mn', 'Hg', 'Hg', 'Mn', 'Mn', 'Hg', 'Hg', 'Mn', 'Mn', 'Hg', 'Hg'] 
Coordinates: 
0.0000000 0.0000000 10.0000000
3.9660288 2.7489067 10.0000000
2.9356661 0.0000000 10.0000000
1.0303627 2.7489067 10.0000000
5.8713322 4.0694976 12.4109185
1.9053034 1.3205909 12.4109185
2.9356661 4.0694976 12.4109185
4.8409695 1.3205909 12.4109185
3.8065477 2.6383676 14.7860993
7.7725542 5.3872581 14.7860656
6.7539609 2.6465080 15.0426000
4.8486550 5.3954222 15.0426027

Crystal Axes: 
5.871332 0.000000 0.000000
2.060725 5.497813 0.000000
0.000000 0.000000 24.821837
