Order: 
['Mn', 'Mn', 'Cu', 'Cu', 'Mn', 'Mn', 'Cu', 'Cu', 'Mn', 'Mn', 'Cu', 'Cu'] 
Coordinates: 
0.0000000 0.0000000 10.0000000
3.5043248 2.4515228 10.0000000
2.6096691 0.0000000 10.0000000
0.8946557 2.4515228 10.0000000
5.2193382 3.6512958 12.1378748
1.7150134 1.1997730 12.1378748
2.6096691 3.6512958 12.1378748
4.3246825 1.1997730 12.1378748
3.4343139 2.4025465 14.2986271
6.9386623 4.8540852 14.2986441
6.0419924 2.4011736 14.1961924
4.3270011 4.8526663 14.1961916

Crystal Axes: 
5.219338 0.000000 0.000000
1.789311 4.903046 0.000000
0.000000 0.000000 24.275750
