Order: 
['Mn', 'Mn', 'Ru', 'Ru', 'Mn', 'Mn', 'Ru', 'Ru', 'Mn', 'Mn', 'Ru', 'Ru'] 
Coordinates: 
0.0000000 0.0000000 10.0000000
3.4652201 2.4546730 10.0000000
2.6020237 0.0000000 10.0000000
0.8631964 2.4546730 10.0000000
5.2040475 3.6864137 12.1232603
1.7388274 1.2317407 12.1232603
2.6020237 3.6864137 12.1232603
4.3408511 1.2317407 12.1232603
3.4765452 2.4626954 14.3281684
0.0113645 0.0080503 14.3281635
0.8746946 2.4628448 14.0991141
2.6135472 0.0081363 14.0991142

Crystal Axes: 
5.204047 0.000000 0.000000
1.726393 4.909346 0.000000
0.000000 0.000000 24.246521
