Order: 
['Mn', 'Mn', 'W', 'W', 'Mn', 'Mn', 'W', 'W', 'Mn', 'Mn', 'W', 'W'] 
Coordinates: 
0.0000000 0.0000000 10.0000000
3.4557927 2.4621936 10.0000000
2.6050319 0.0000000 10.0000000
0.8507608 2.4621936 10.0000000
5.2100638 3.7120820 12.1213619
1.7542711 1.2498884 12.1213619
2.6050319 3.7120820 12.1213619
4.3593030 1.2498884 12.1213619
3.4879469 2.4850997 14.0777895
0.0322859 0.0230064 14.0777813
0.8823390 2.4847147 14.2350172
2.6366254 0.0224877 14.2350181

Crystal Axes: 
5.210064 0.000000 0.000000
1.701522 4.924387 0.000000
0.000000 0.000000 24.242724
