Order: 
['Mn', 'Mn', 'Pd', 'Pd', 'Mn', 'Mn', 'Pd', 'Pd', 'Mn', 'Mn', 'Pd', 'Pd'] 
Coordinates: 
0.0000000 0.0000000 10.0000000
3.7587564 2.5376070 10.0000000
2.7359713 0.0000000 10.0000000
1.0227851 2.5376070 10.0000000
5.4719425 3.6942111 12.2586979
1.7131861 1.1566041 12.2586979
2.7359713 3.6942111 12.2586979
4.4491574 1.1566041 12.2586979
3.5854422 2.4206018 14.5405855
7.3441999 4.9582050 14.5406010
6.3217931 2.4208515 14.4240277
4.6086013 4.9584633 14.4240175

Crystal Axes: 
5.471943 0.000000 0.000000
2.045570 5.075214 0.000000
0.000000 0.000000 24.517396
