Order: 
['Mn', 'Mn', 'Ag', 'Ag', 'Mn', 'Mn', 'Ag', 'Ag', 'Mn', 'Mn', 'Ag', 'Ag'] 
Coordinates: 
0.0000000 0.0000000 10.0000000
3.7916720 2.6685216 10.0000000
2.8348686 0.0000000 10.0000000
0.9568034 2.6685216 10.0000000
5.6697372 3.9902756 12.3181833
1.8780652 1.3217540 12.3181833
2.8348686 3.9902756 12.3181833
4.7129339 1.3217540 12.3181833
3.7567845 2.6439689 14.5966193
7.5486389 5.3126184 14.5966401
6.5918878 2.6438311 14.6027728
4.7135392 5.3127603 14.6027730

Crystal Axes: 
5.669737 0.000000 0.000000
1.913607 5.337043 0.000000
0.000000 0.000000 24.636367
