Order: 
['Mn', 'Mn', 'Mo', 'Mo', 'Mn', 'Mn', 'Mo', 'Mo', 'Mn', 'Mn', 'Mo', 'Mo'] 
Coordinates: 
0.0000000 0.0000000 10.0000000
2.6181971 0.0000000 10.0000000
1.3090986 2.4391557 10.0000000
-1.3090986 2.4391557 10.0000000
2.6181971 1.4051903 12.2091619
-0.0000000 1.4051903 12.2091619
-1.3090986 3.8443461 12.2091619
1.3090986 3.8443461 12.2091619
0.0000011 3.0648068 14.5511647
2.6181983 3.0648928 14.5510670
3.9274384 0.6561681 14.3257174
1.3089594 0.6561697 14.3257180

Crystal Axes: 
5.236394 0.000000 0.000000
-2.618197 4.878311 0.000000
0.000000 0.000000 24.418324
