Order: 
['Mn', 'Mn', 'Pt', 'Pt', 'Mn', 'Mn', 'Pt', 'Pt', 'Mn', 'Mn', 'Pt', 'Pt'] 
Coordinates: 
0.0000000 0.0000000 10.0000000
3.8609401 2.4922672 10.0000000
2.7348591 0.0000000 10.0000000
1.1260810 2.4922672 10.0000000
5.4697181 3.5307460 12.2656031
1.6087780 1.0384789 12.2656031
2.7348591 3.5307460 12.2656031
4.3436371 1.0384789 12.2656031
3.5705092 2.3047930 14.5897259
7.4314487 4.7970586 14.5897361
6.3121118 2.3091469 14.4452432
4.7033366 4.8014131 14.4452444

Crystal Axes: 
5.469718 0.000000 0.000000
2.252162 4.984534 0.000000
0.000000 0.000000 24.531206
