Order: 
['Mn', 'Mn', 'Y', 'Y', 'Mn', 'Mn', 'Y', 'Y', 'Mn', 'Mn', 'Y', 'Y'] 
Coordinates: 
0.0000000 0.0000000 10.0000000
4.1003922 2.9241577 10.0000000
3.0928644 0.0000000 10.0000000
1.0075278 2.9241577 10.0000000
6.1857288 4.4112966 12.5177601
2.0853366 1.4871390 12.5177601
3.0928644 4.4112966 12.5177601
5.1782010 1.4871390 12.5177601
4.1672434 2.9718064 14.8400513
0.0662977 0.0473092 14.8399940
1.0664081 2.9660190 14.9831046
3.1515914 0.0420122 14.9831050

Crystal Axes: 
6.185729 0.000000 0.000000
2.015056 5.848315 0.000000
0.000000 0.000000 25.035520
