Order: 
['Mn', 'Mn', 'La', 'La', 'Mn', 'Mn', 'La', 'La', 'Mn', 'Mn', 'La', 'La'] 
Coordinates: 
0.0000000 0.0000000 10.0000000
4.2884846 3.1320648 10.0000000
3.2879831 0.0000000 10.0000000
1.0005014 3.1320648 10.0000000
6.5759663 4.8027112 12.6492963
2.2874817 1.6706464 12.6492963
3.2879831 4.8027112 12.6492963
5.5754649 1.6706464 12.6492963
4.5747119 3.3410906 15.0011526
0.2877322 0.2101638 15.0000862
1.2348098 3.3027864 15.2849245
3.5219027 0.1712375 15.2849182

Crystal Axes: 
6.575966 0.000000 0.000000
2.001003 6.264130 0.000000
0.000000 0.000000 25.298593
