Order: 
['Mn', 'Mn', 'Zr', 'Zr', 'Mn', 'Mn', 'Zr', 'Zr', 'Mn', 'Mn', 'Zr', 'Zr'] 
Coordinates: 
0.0000000 0.0000000 10.0000000
3.7000571 2.6168176 10.0000000
2.7753838 0.0000000 10.0000000
0.9246734 2.6168176 10.0000000
5.5507675 3.9257086 12.2659520
1.8507104 1.3088910 12.2659520
2.7753838 3.9257086 12.2659520
4.6260942 1.3088910 12.2659520
3.7013918 2.6177688 14.4545334
0.0014047 0.0009863 14.4545633
0.9254983 2.6174576 14.6126623
2.7762740 0.0005733 14.6126695

Crystal Axes: 
5.550768 0.000000 0.000000
1.849347 5.233635 0.000000
0.000000 0.000000 24.531904
