Order: 
['Mn', 'Mn', 'Cd', 'Cd', 'Mn', 'Mn', 'Cd', 'Cd', 'Mn', 'Mn', 'Cd', 'Cd'] 
Coordinates: 
0.0000000 0.0000000 10.0000000
4.3145207 2.6029742 10.0000000
2.9424547 0.0000000 10.0000000
1.3720659 2.6029742 10.0000000
5.8849095 3.5503985 12.4244303
1.5703888 0.9474243 12.4244303
2.9424547 3.5503985 12.4244303
4.5128435 0.9474243 12.4244303
3.1177777 1.8809736 14.8003433
7.4323069 4.4839511 14.8003076
6.0818940 1.8939760 15.0084961
4.5114463 4.4970469 15.0084911

Crystal Axes: 
5.884909 0.000000 0.000000
2.744132 5.205948 0.000000
0.000000 0.000000 24.848861
