Order: 
['Mn', 'Mn', 'Ni', 'Ni', 'Mn', 'Mn', 'Ni', 'Ni', 'Mn', 'Mn', 'Ni', 'Ni'] 
Coordinates: 
0.0000000 0.0000000 10.0000000
3.3615850 2.4106416 10.0000000
2.5451456 0.0000000 10.0000000
0.8164394 2.4106416 10.0000000
5.0902912 3.6503220 12.0674587
1.7287062 1.2396804 12.0674587
2.5451456 3.6503220 12.0674587
4.2738518 1.2396804 12.0674587
3.4452305 2.4706150 14.1897511
0.0838510 0.0601393 14.1897556
0.9032460 2.4731879 14.0066782
2.6322269 0.0621520 14.0066446

Crystal Axes: 
5.090291 0.000000 0.000000
1.632879 4.821283 0.000000
0.000000 0.000000 24.134917
