Order: 
['Mn', 'Mn', 'Zn', 'Zn', 'Mn', 'Mn', 'Zn', 'Zn', 'Mn', 'Mn', 'Zn', 'Zn'] 
Coordinates: 
0.0000000 0.0000000 10.0000000
3.9608426 2.3613391 10.0000000
2.6843021 0.0000000 10.0000000
1.2765405 2.3613391 10.0000000
5.3686043 3.2006056 12.2071597
1.4077617 0.8392665 12.2071597
2.6843021 3.2006056 12.2071597
4.0920638 0.8392665 12.2071597
2.8206311 1.6815791 14.4169226
6.7817460 4.0430799 14.4168553
5.4969613 1.6773072 14.5026553
4.0896223 4.0379387 14.5026556

Crystal Axes: 
5.368604 0.000000 0.000000
2.553081 4.722678 0.000000
0.000000 0.000000 24.414319
