Order: 
['Mn', 'Mn', 'Re', 'Re', 'Mn', 'Mn', 'Re', 'Re', 'Mn', 'Mn', 'Re', 'Re'] 
Coordinates: 
0.0000000 0.0000000 10.0000000
3.9396667 2.3036550 10.0000000
2.6433455 0.0000000 10.0000000
1.2963213 2.3036550 10.0000000
5.2866909 3.0913051 12.1648172
1.3470242 0.7876501 12.1648172
2.6433455 3.0913051 12.1648172
3.9903696 0.7876501 12.1648172
2.7097777 1.5844952 14.3705073
6.6495616 3.8882202 14.3705785
5.3546014 1.5853565 14.2406004
4.0075765 3.8890231 14.2405982

Crystal Axes: 
5.286691 0.000000 0.000000
2.592643 4.607310 0.000000
0.000000 0.000000 24.329634
