Order: 
['Mo', 'Mo', 'Rh', 'Rh', 'Mo', 'Mo', 'Rh', 'Rh', 'Mo', 'Mo', 'Rh', 'Rh'] 
Coordinates: 
0.0000000 0.0000000 10.0000000
2.7512724 0.0000000 10.0000000
1.3756362 2.3987809 10.0000000
-1.3756362 2.3987809 10.0000000
2.7512724 1.5777805 12.2539095
0.0000000 1.5777805 12.2539095
-1.3756362 3.9765614 12.2539095
1.3756362 3.9765614 12.2539095
0.0000003 3.1824488 14.3957980
2.7512729 3.1824457 14.3957963
4.1269066 0.8336035 14.4458349
1.3756392 0.8336036 14.4458357

Crystal Axes: 
5.502545 0.000000 0.000000
-2.751272 4.797562 0.000000
0.000000 0.000000 24.507819
