Order: 
['Mo', 'Mo', 'Ir', 'Ir', 'Mo', 'Mo', 'Ir', 'Ir', 'Mo', 'Mo', 'Ir', 'Ir'] 
Coordinates: 
0.0000000 0.0000000 10.0000000
2.7690130 0.0000000 10.0000000
1.3845065 2.4013159 10.0000000
-1.3845065 2.4013159 10.0000000
2.7690130 1.5965065 12.2624323
0.0000000 1.5965065 12.2624323
-1.3845065 3.9978224 12.2624323
1.3845065 3.9978224 12.2624323
-0.0000001 3.2295610 14.4306169
2.7690129 3.2295648 14.4306177
4.1535230 0.8734125 14.4398712
1.3845037 0.8734134 14.4398713

Crystal Axes: 
5.538026 0.000000 0.000000
-2.769013 4.802632 0.000000
0.000000 0.000000 24.524865
