Order: 
['Mo', 'Mo', 'Re', 'Re', 'Mo', 'Mo', 'Re', 'Re', 'Mo', 'Mo', 'Re', 'Re'] 
Coordinates: 
0.0000000 0.0000000 10.0000000
4.1940489 2.4230452 10.0000000
2.7969624 0.0000000 10.0000000
1.3970865 2.4230452 10.0000000
5.5939248 3.2318014 12.2840888
1.3998760 0.8087561 12.2840888
2.7969624 3.2318014 12.2840888
4.1968384 0.8087561 12.2840888
2.8077596 1.6221388 14.4968066
7.0018183 4.0451886 14.4968061
5.5815026 1.6087293 14.4632952
4.1816304 4.0317652 14.4632895

Crystal Axes: 
5.593925 0.000000 0.000000
2.794173 4.846090 0.000000
0.000000 0.000000 24.568178
