Order: 
['Mo', 'Mo', 'Y', 'Y', 'Mo', 'Mo', 'Y', 'Y', 'Mo', 'Mo', 'Y', 'Y'] 
Coordinates: 
0.0000000 0.0000000 10.0000000
2.9534002 0.0000000 10.0000000
1.4767001 2.8761758 10.0000000
-1.4767001 2.8761758 10.0000000
2.9534002 1.5163490 12.5344148
0.0000000 1.5163490 12.5344148
-1.4767001 4.3925248 12.5344148
1.4767001 4.3925248 12.5344148
0.0002742 2.7706065 14.6248909
2.9537385 2.7706156 14.6248763
4.4300304 0.2173528 15.2847772
1.4766182 0.2173883 15.2847188

Crystal Axes: 
5.906800 0.000000 0.000000
-2.953400 5.752352 0.000000
0.000000 0.000000 25.068830
