Order: 
['Mo', 'Mo', 'Pt', 'Pt', 'Mo', 'Mo', 'Pt', 'Pt', 'Mo', 'Mo', 'Pt', 'Pt'] 
Coordinates: 
0.0000000 0.0000000 10.0000000
2.7348046 0.0000000 10.0000000
1.3674023 2.4836245 10.0000000
-1.3674023 2.4836245 10.0000000
2.7348046 1.5056938 12.2829898
0.0000000 1.5056938 12.2829898
-1.3674023 3.9893183 12.2829898
1.3674023 3.9893183 12.2829898
-0.0000534 3.1189049 14.4806105
2.7347475 3.1188857 14.4806087
4.1022062 0.7306245 14.5279612
1.3673663 0.7306228 14.5279611

Crystal Axes: 
5.469609 0.000000 0.000000
-2.734805 4.967249 0.000000
0.000000 0.000000 24.565980
