Order: 
['Mo', 'Mo', 'Ta', 'Ta', 'Mo', 'Mo', 'Ta', 'Ta', 'Mo', 'Mo', 'Ta', 'Ta'] 
Coordinates: 
0.0000000 0.0000000 10.0000000
3.7328983 2.6373856 10.0000000
2.7981385 0.0000000 10.0000000
0.9347599 2.6373856 10.0000000
5.5962769 3.9539090 12.2852941
1.8633786 1.3165234 12.2852941
2.7981385 3.9539090 12.2852941
4.6615170 1.3165234 12.2852941
3.7282720 2.6341152 14.5430052
7.4611667 5.2715024 14.5430058
6.5265517 2.6342154 14.4994710
4.6631786 5.2716090 14.4994708

Crystal Axes: 
5.596277 0.000000 0.000000
1.869520 5.274771 0.000000
0.000000 0.000000 24.570588
