Order: 
['Mo', 'Mo', 'Os', 'Os', 'Mo', 'Mo', 'Os', 'Os', 'Mo', 'Mo', 'Os', 'Os'] 
Coordinates: 
0.0000000 0.0000000 10.0000000
4.1424137 2.4066449 10.0000000
2.7703089 0.0000000 10.0000000
1.3721048 2.4066449 10.0000000
5.5406177 3.2189686 12.2654072
1.3982041 0.8123237 12.2654072
2.7703089 3.2189686 12.2654072
4.1685129 0.8123237 12.2654072
2.8015642 1.6276440 14.4220493
6.9439754 4.0342871 14.4220493
5.5559597 1.6183957 14.4311857
4.1577525 4.0250423 14.4311851

Crystal Axes: 
5.540618 0.000000 0.000000
2.744210 4.813290 0.000000
0.000000 0.000000 24.530814
