Order: 
['Mo', 'Mo', 'Au', 'Au', 'Mo', 'Mo', 'Au', 'Au', 'Mo', 'Mo', 'Au', 'Au'] 
Coordinates: 
0.0000000 0.0000000 10.0000000
2.7506622 0.0000000 10.0000000
1.3753311 2.5981875 10.0000000
-1.3753311 2.5981875 10.0000000
2.7506622 1.4560424 12.3336844
-0.0000000 1.4560424 12.3336844
-1.3753311 4.0542300 12.3336844
1.3753311 4.0542300 12.3336844
-0.0002056 2.8186332 14.5086839
2.7504608 2.8185228 14.5085563
4.1254689 0.3018348 14.8250216
1.3764586 0.3018313 14.8249933

Crystal Axes: 
5.501324 0.000000 0.000000
-2.750662 5.196375 0.000000
0.000000 0.000000 24.667369
