Order: 
['Mo', 'Mo', 'Ru', 'Ru', 'Mo', 'Mo', 'Ru', 'Ru', 'Mo', 'Mo', 'Ru', 'Ru'] 
Coordinates: 
0.0000000 0.0000000 10.0000000
4.0897010 2.4014842 10.0000000
2.7499297 0.0000000 10.0000000
1.3397713 2.4014842 10.0000000
5.4998595 3.2295333 12.2542096
1.4101584 0.8280491 12.2542096
2.7499297 3.2295333 12.2542096
4.1600881 0.8280491 12.2542096
2.8105518 1.6503638 14.3748973
6.9002517 4.0518476 14.3748974
5.5541485 1.6466451 14.4304406
4.1439897 4.0481297 14.4304400

Crystal Axes: 
5.499859 0.000000 0.000000
2.679543 4.802968 0.000000
0.000000 0.000000 24.508419
