Order: 
['Mo', 'Mo', 'Hg', 'Hg', 'Mo', 'Mo', 'Hg', 'Hg', 'Mo', 'Mo', 'Hg', 'Hg'] 
Coordinates: 
0.0000000 0.0000000 10.0000000
2.8402452 0.0000000 10.0000000
1.4201226 2.6778073 10.0000000
-1.4201226 2.6778073 10.0000000
2.8402452 1.5062684 12.4079345
-0.0000000 1.5062684 12.4079345
-1.4201226 4.1840756 12.4079345
1.4201226 4.1840756 12.4079345
-0.0000122 2.5038240 14.4771263
2.8402389 2.5036577 14.4770206
1.4196257 5.2861001 15.2920400
-1.4196503 5.2861035 15.2920342

Crystal Axes: 
5.680490 0.000000 0.000000
-2.840245 5.355615 0.000000
0.000000 0.000000 24.815869
