Order: 
['Mo', 'Mo', 'Cd', 'Cd', 'Mo', 'Mo', 'Cd', 'Cd', 'Mo', 'Mo', 'Cd', 'Cd'] 
Coordinates: 
0.0000000 0.0000000 10.0000000
2.7736731 0.0000000 10.0000000
1.3868366 2.7145855 10.0000000
-1.3868366 2.7145855 10.0000000
2.7736731 1.4170234 12.3843882
-0.0000000 1.4170234 12.3843882
-1.3868366 4.1316089 12.3843882
1.3868366 4.1316089 12.3843882
-0.0003052 2.5273474 14.5327928
2.7733290 2.5271829 14.5327411
1.3860338 5.3257902 15.1405986
-1.3866942 5.3257476 15.1406804

Crystal Axes: 
5.547346 0.000000 0.000000
-2.773673 5.429171 0.000000
0.000000 0.000000 24.768776
