Order: 
['Mo', 'Mo', 'Hf', 'Hf', 'Mo', 'Mo', 'Hf', 'Hf', 'Mo', 'Mo', 'Hf', 'Hf'] 
Coordinates: 
0.0000000 0.0000000 10.0000000
3.7351383 2.7340814 10.0000000
2.8682284 0.0000000 10.0000000
0.8669099 2.7340814 10.0000000
5.7364568 4.1990252 12.3084932
2.0013185 1.4649438 12.3084932
2.8682284 4.1990252 12.3084932
4.8695468 1.4649438 12.3084932
3.8797393 2.8398989 14.5740392
0.1446137 0.1058851 14.5740240
1.0047618 2.8350071 14.6092077
3.0060435 0.1008600 14.6092134

Crystal Axes: 
5.736457 0.000000 0.000000
1.733820 5.468163 0.000000
0.000000 0.000000 24.616986
