Order: 
['Mo', 'Mo', 'Tc', 'Tc', 'Mo', 'Mo', 'Tc', 'Tc', 'Mo', 'Mo', 'Tc', 'Tc'] 
Coordinates: 
0.0000000 0.0000000 10.0000000
4.1501064 2.4173834 10.0000000
2.7791005 0.0000000 10.0000000
1.3710059 2.4173834 10.0000000
5.5582010 3.2375804 12.2739876
1.4080946 0.8201970 12.2739876
2.7791005 3.2375804 12.2739876
4.1871952 0.8201970 12.2739876
2.8167468 1.6407171 14.4365342
6.9668529 4.0581029 14.4365340
5.5815762 1.6324067 14.4673104
4.1734783 4.0497874 14.4673096

Crystal Axes: 
5.558201 0.000000 0.000000
2.742012 4.834767 0.000000
0.000000 0.000000 24.547975
