Order: 
['Mo', 'Mo', 'Pd', 'Pd', 'Mo', 'Mo', 'Pd', 'Pd', 'Mo', 'Mo', 'Pd', 'Pd'] 
Coordinates: 
0.0000000 0.0000000 10.0000000
2.7286937 0.0000000 10.0000000
1.3643468 2.4858080 10.0000000
-1.3643468 2.4858080 10.0000000
2.7286937 1.4976557 12.2809639
-0.0000000 1.4976557 12.2809639
-1.3643468 3.9834637 12.2809639
1.3643468 3.9834637 12.2809639
0.0000282 3.0369435 14.4275273
2.7287218 3.0369268 14.4275033
4.0929830 0.6251200 14.5638578
1.3643169 0.6251194 14.5638572

Crystal Axes: 
5.457387 0.000000 0.000000
-2.728694 4.971616 0.000000
0.000000 0.000000 24.561928
