Order: 
['Mo', 'Mo', 'Ag', 'Ag', 'Mo', 'Mo', 'Ag', 'Ag', 'Mo', 'Mo', 'Ag', 'Ag'] 
Coordinates: 
0.0000000 0.0000000 10.0000000
2.6819529 0.0000000 10.0000000
1.3409764 2.6837681 10.0000000
-1.3409764 2.6837681 10.0000000
2.6819529 1.3400694 12.3231628
-0.0000000 1.3400694 12.3231628
-1.3409764 4.0238376 12.3231628
1.3409764 4.0238376 12.3231628
0.0002767 2.4822058 14.4595903
2.6821701 2.4817775 14.4595566
1.3398488 5.2421863 14.8672207
-1.3386730 5.2421750 14.8672220

Crystal Axes: 
5.363906 0.000000 0.000000
-2.681953 5.367536 0.000000
0.000000 0.000000 24.646326
