Order: 
['Mo', 'Mo', 'W', 'W', 'Mo', 'Mo', 'W', 'W', 'Mo', 'Mo', 'W', 'W'] 
Coordinates: 
0.0000000 0.0000000 10.0000000
2.6662379 0.0000000 10.0000000
1.3331190 2.6605068 10.0000000
-1.3331190 2.6605068 10.0000000
2.6662379 1.3359907 12.3073694
0.0000000 1.3359907 12.3073694
-1.3331190 3.9964975 12.3073694
1.3331190 3.9964975 12.3073694
0.0004988 2.7586291 14.6018015
2.6667380 2.7586268 14.6017961
3.9992420 0.0909488 14.5848683
1.3330010 0.0909537 14.5848622

Crystal Axes: 
5.332476 0.000000 0.000000
-2.666238 5.321014 0.000000
0.000000 0.000000 24.614739
