Order: 
['Nb', 'Nb', 'Rh', 'Rh', 'Nb', 'Nb', 'Rh', 'Rh', 'Nb', 'Nb', 'Rh', 'Rh'] 
Coordinates: 
0.0000000 0.0000000 10.0000000
4.1537528 2.4673489 10.0000000
2.8096849 0.0000000 10.0000000
1.3440679 2.4673489 10.0000000
5.6193698 3.3379324 12.3086566
1.4656170 0.8705834 12.3086566
2.8096849 3.3379324 12.3086566
4.2753019 0.8705834 12.3086566
2.9485009 1.7514235 14.5136372
7.1022557 4.2187738 14.5136387
5.7619851 1.7536795 14.5493143
4.2963680 4.2210294 14.5493146

Crystal Axes: 
5.619370 0.000000 0.000000
2.688136 4.934698 0.000000
0.000000 0.000000 24.617313
