Order: 
['Nb', 'Nb', 'Tc', 'Tc', 'Nb', 'Nb', 'Tc', 'Tc', 'Nb', 'Nb', 'Tc', 'Tc'] 
Coordinates: 
0.0000000 0.0000000 10.0000000
3.6579545 2.6036911 10.0000000
2.7556164 0.0000000 10.0000000
0.9023382 2.6036911 10.0000000
5.5112328 3.9228338 12.2447873
1.8532782 1.3191427 12.2447873
2.7556164 3.9228338 12.2447873
4.6088946 1.3191427 12.2447873
3.6860484 2.6236879 14.4832697
0.0280931 0.0199962 14.4832701
0.9330288 2.6255382 14.3674075
2.7863049 0.0218436 14.3674060

Crystal Axes: 
5.511233 0.000000 0.000000
1.804676 5.207382 0.000000
0.000000 0.000000 24.489575
