Order: 
['Nb', 'Nb', 'Ru', 'Ru', 'Nb', 'Nb', 'Ru', 'Ru', 'Nb', 'Nb', 'Ru', 'Ru'] 
Coordinates: 
0.0000000 0.0000000 10.0000000
3.8143855 2.5505372 10.0000000
2.7599172 0.0000000 10.0000000
1.0544683 2.5505372 10.0000000
5.5198345 3.6909072 12.2814022
1.7054490 1.1403701 12.2814022
2.7599172 3.6909072 12.2814022
4.4653662 1.1403701 12.2814022
3.6393005 2.4334644 14.5678088
7.4536838 4.9840013 14.5678090
6.4093601 2.4402491 14.3661809
4.7039217 4.9907874 14.3661815

Crystal Axes: 
5.519834 0.000000 0.000000
2.108937 5.101074 0.000000
0.000000 0.000000 24.562804
