Order: 
['Nb', 'Nb', 'Hg', 'Hg', 'Nb', 'Nb', 'Hg', 'Hg', 'Nb', 'Nb', 'Hg', 'Hg'] 
Coordinates: 
0.0000000 0.0000000 10.0000000
2.9467334 0.0000000 10.0000000
1.4733667 2.6842338 10.0000000
-1.4733667 2.6842338 10.0000000
2.9467334 1.6174518 12.4631458
0.0000000 1.6174518 12.4631458
-1.4733667 4.3016856 12.4631458
1.4733667 4.3016856 12.4631458
0.0000050 2.9590220 14.7469843
2.9467294 2.9589377 14.7470372
4.4200489 0.3350321 15.2703087
1.4734217 0.3350369 15.2703114

Crystal Axes: 
5.893467 0.000000 0.000000
-2.946733 5.368468 0.000000
0.000000 0.000000 24.926292
