Order: 
['Nb', 'Nb', 'Mo', 'Mo', 'Nb', 'Nb', 'Mo', 'Mo', 'Nb', 'Nb', 'Mo', 'Mo'] 
Coordinates: 
0.0000000 0.0000000 10.0000000
2.6824515 0.0000000 10.0000000
1.3412258 2.7524196 10.0000000
-1.3412258 2.7524196 10.0000000
2.6824515 1.3071311 12.3424249
-0.0000000 1.3071311 12.3424249
-1.3412258 4.0595506 12.3424249
1.3412258 4.0595506 12.3424249
0.0000304 2.6373270 14.7121202
2.6824822 2.6373318 14.7121272
1.3412497 5.3462773 14.5858759
-1.3411975 5.3462762 14.5858771

Crystal Axes: 
5.364903 0.000000 0.000000
-2.682452 5.504839 0.000000
0.000000 0.000000 24.684850
