Order: 
['Nb', 'Nb', 'Pd', 'Pd', 'Nb', 'Nb', 'Pd', 'Pd', 'Nb', 'Nb', 'Pd', 'Pd'] 
Coordinates: 
0.0000000 0.0000000 10.0000000
2.8259361 0.0000000 10.0000000
1.4129680 2.5113452 10.0000000
-1.4129680 2.5113452 10.0000000
2.8259361 1.5899675 12.3362187
0.0000000 1.5899675 12.3362187
-1.4129680 4.1013128 12.3362187
1.4129680 4.1013128 12.3362187
0.0000020 3.2318289 14.5385216
2.8259371 3.2318346 14.5385233
4.2389040 0.7710525 14.6599191
1.4129655 0.7710526 14.6599210

Crystal Axes: 
5.651872 0.000000 0.000000
-2.825936 5.022690 0.000000
0.000000 0.000000 24.672437
