Order: 
['Nb', 'Nb', 'Y', 'Y', 'Nb', 'Nb', 'Y', 'Y', 'Nb', 'Nb', 'Y', 'Y'] 
Coordinates: 
0.0000000 0.0000000 10.0000000
3.0445214 0.0000000 10.0000000
1.5222607 2.9417913 10.0000000
-1.5222607 2.9417913 10.0000000
3.0445214 1.5754195 12.6052186
-0.0000000 1.5754195 12.6052186
-1.5222607 4.5172108 12.6052186
1.5222607 4.5172108 12.6052186
-0.0000899 3.0186132 14.8839960
3.0444386 3.0186215 14.8839964
4.5665232 0.3239129 15.3735717
1.5219582 0.3238954 15.3735489

Crystal Axes: 
6.089043 0.000000 0.000000
-3.044521 5.883583 0.000000
0.000000 0.000000 25.210437
