Order: 
['Nb', 'Nb', 'Os', 'Os', 'Nb', 'Nb', 'Os', 'Os', 'Nb', 'Nb', 'Os', 'Os'] 
Coordinates: 
0.0000000 0.0000000 10.0000000
3.8585449 2.5544781 10.0000000
2.7748449 0.0000000 10.0000000
1.0837001 2.5544781 10.0000000
5.5496897 3.6740691 12.2960562
1.6911448 1.1195910 12.2960562
2.7748449 3.6740691 12.2960562
4.4659897 1.1195910 12.2960562
3.6452338 2.4132636 14.6022911
7.5037855 4.9677350 14.6022933
6.4288809 2.4190709 14.3925150
4.7377430 4.9735825 14.3925215

Crystal Axes: 
5.549690 0.000000 0.000000
2.167400 5.108956 0.000000
0.000000 0.000000 24.592112
