Order: 
['Nb', 'Nb', 'Ir', 'Ir', 'Nb', 'Nb', 'Ir', 'Ir', 'Nb', 'Nb', 'Ir', 'Ir'] 
Coordinates: 
0.0000000 0.0000000 10.0000000
4.1647210 2.4732893 10.0000000
2.8167627 0.0000000 10.0000000
1.3479584 2.4732893 10.0000000
5.6335253 3.3455633 12.3143678
1.4688043 0.8722740 12.3143678
2.8167627 3.3455633 12.3143678
4.2855669 0.8722740 12.3143678
3.0133040 1.7895003 14.5628893
7.1780242 4.2627886 14.5628903
5.8308410 1.7899608 14.5367735
4.3620378 4.2632509 14.5367753

Crystal Axes: 
5.633525 0.000000 0.000000
2.695917 4.946579 0.000000
0.000000 0.000000 24.628736
