Order: 
['Nb', 'Nb', 'Pt', 'Pt', 'Nb', 'Nb', 'Pt', 'Pt', 'Nb', 'Nb', 'Pt', 'Pt'] 
Coordinates: 
0.0000000 0.0000000 10.0000000
2.8283048 0.0000000 10.0000000
1.4141524 2.5011193 10.0000000
-1.4141524 2.5011193 10.0000000
2.8283048 1.5991457 12.3328183
0.0000000 1.5991457 12.3328183
-1.4141524 4.1002650 12.3328183
1.4141524 4.1002650 12.3328183
0.0000020 3.3140075 14.5790769
2.8283043 3.3140051 14.5790752
4.2424577 0.8828607 14.6326710
1.4141513 0.8828545 14.6326683

Crystal Axes: 
5.656610 0.000000 0.000000
-2.828305 5.002239 0.000000
0.000000 0.000000 24.665637
