Order: 
['Nb', 'Nb', 'Ta', 'Ta', 'Nb', 'Nb', 'Ta', 'Ta', 'Nb', 'Nb', 'Ta', 'Ta'] 
Coordinates: 
0.0000000 0.0000000 10.0000000
2.7555999 0.0000000 10.0000000
1.3778000 2.8266634 10.0000000
-1.3778000 2.8266634 10.0000000
2.7555999 1.3431615 12.4060857
0.0000000 1.3431615 12.4060857
-1.3778000 4.1698249 12.4060857
1.3778000 4.1698249 12.4060857
0.0001725 2.7365131 14.7266520
2.7557762 2.7365086 14.7266573
1.3778480 5.5733130 14.7550042
-1.3777539 5.5733016 14.7549896

Crystal Axes: 
5.511200 0.000000 0.000000
-2.755600 5.653327 0.000000
0.000000 0.000000 24.812171
