Order: 
['Nb', 'Nb', 'Hf', 'Hf', 'Nb', 'Nb', 'Hf', 'Hf', 'Nb', 'Nb', 'Hf', 'Hf'] 
Coordinates: 
0.0000000 0.0000000 10.0000000
2.9430695 0.0000000 10.0000000
1.4715348 2.7699225 10.0000000
-1.4715348 2.7699225 10.0000000
2.9430695 1.5635199 12.4934040
0.0000000 1.5635199 12.4934040
-1.4715348 4.3334425 12.4934040
1.4715348 4.3334425 12.4934040
0.0001688 3.0634119 14.7704236
2.9432383 3.0634118 14.7704220
4.4148258 0.3850712 15.0262310
1.4717916 0.3850686 15.0262361

Crystal Axes: 
5.886139 0.000000 0.000000
-2.943070 5.539845 0.000000
0.000000 0.000000 24.986808
