Order: 
['Nb', 'Nb', 'Ag', 'Ag', 'Nb', 'Nb', 'Ag', 'Ag', 'Nb', 'Nb', 'Ag', 'Ag'] 
Coordinates: 
0.0000000 0.0000000 10.0000000
2.7929981 0.0000000 10.0000000
1.3964991 2.6894149 10.0000000
-1.3964991 2.6894149 10.0000000
2.7929981 1.4502854 12.3869459
-0.0000000 1.4502854 12.3869459
-1.3964991 4.1397004 12.3869459
1.3964991 4.1397004 12.3869459
-0.0000000 2.8821074 14.6235520
2.7929983 2.8821071 14.6235542
4.1894970 0.2398116 14.8583773
1.3964993 0.2398113 14.8583775

Crystal Axes: 
5.585996 0.000000 0.000000
-2.792998 5.378830 0.000000
0.000000 0.000000 24.773892
