Order: 
['Nb', 'Nb', 'Au', 'Au', 'Nb', 'Nb', 'Au', 'Au', 'Nb', 'Nb', 'Au', 'Au'] 
Coordinates: 
0.0000000 0.0000000 10.0000000
2.9087249 0.0000000 10.0000000
1.4543624 2.5653456 10.0000000
-1.4543624 2.5653456 10.0000000
2.9087249 1.6490333 12.3961155
-0.0000000 1.6490333 12.3961155
-1.4543624 4.2143788 12.3961155
1.4543624 4.2143788 12.3961155
0.0000002 3.2679791 14.6534228
2.9087241 3.2679780 14.6534221
4.3630893 0.7586620 14.8364399
1.4543611 0.7586596 14.8364367

Crystal Axes: 
5.817450 0.000000 0.000000
-2.908725 5.130691 0.000000
0.000000 0.000000 24.792231
