Order: 
['Nb', 'Nb', 'W', 'W', 'Nb', 'Nb', 'W', 'W', 'Nb', 'Nb', 'W', 'W'] 
Coordinates: 
0.0000000 0.0000000 10.0000000
2.7038313 0.0000000 10.0000000
1.3519156 2.7399499 10.0000000
-1.3519156 2.7399499 10.0000000
2.7038313 1.3340944 12.3517856
-0.0000000 1.3340944 12.3517856
-1.3519156 4.0740443 12.3517856
1.3519156 4.0740443 12.3517856
-0.0000347 2.6858389 14.7311119
2.7037964 2.6858393 14.7311156
1.3519505 5.3885510 14.6034740
-1.3518849 5.3885515 14.6034762

Crystal Axes: 
5.407663 0.000000 0.000000
-2.703831 5.479900 0.000000
0.000000 0.000000 24.703571
