Order: 
['Nb', 'Nb', 'Re', 'Re', 'Nb', 'Nb', 'Re', 'Re', 'Nb', 'Nb', 'Re', 'Re'] 
Coordinates: 
0.0000000 0.0000000 10.0000000
3.6990224 2.6132548 10.0000000
2.7726066 0.0000000 10.0000000
0.9264159 2.6132548 10.0000000
5.5452131 3.9175364 12.2644978
1.8461907 1.3042816 12.2644978
2.7726066 3.9175364 12.2644978
4.6187973 1.3042816 12.2644978
3.6942407 2.6098769 14.5421161
7.3932650 5.2231345 14.5421188
6.4661898 2.6094180 14.3814643
4.6200040 5.2226640 14.3814815

Crystal Axes: 
5.545213 0.000000 0.000000
1.852832 5.226510 0.000000
0.000000 0.000000 24.528996
