Order: 
['Nb', 'Nb', 'Cd', 'Cd', 'Nb', 'Nb', 'Cd', 'Cd', 'Nb', 'Nb', 'Cd', 'Cd'] 
Coordinates: 
0.0000000 0.0000000 10.0000000
2.8651174 0.0000000 10.0000000
1.4325587 2.7556299 10.0000000
-1.4325587 2.7556299 10.0000000
2.8651174 1.4894775 12.4475200
-0.0000000 1.4894775 12.4475200
-1.4325587 4.2451074 12.4475200
1.4325587 4.2451074 12.4475200
-0.0000110 2.8200598 14.7363054
2.8651072 2.8200565 14.7363066
4.2976628 0.1303855 15.1421241
1.4325922 0.1303711 15.1421568

Crystal Axes: 
5.730235 0.000000 0.000000
-2.865117 5.511260 0.000000
0.000000 0.000000 24.895040
