Order: 
['Ni', 'Ni', 'Cu', 'Cu', 'Ni', 'Ni', 'Cu', 'Cu', 'Ni', 'Ni', 'Cu', 'Cu'] 
Coordinates: 
0.0000000 0.0000000 10.0000000
2.5029094 0.0000000 10.0000000
1.2514547 2.2344554 10.0000000
-1.2514547 2.2344554 10.0000000
2.5029094 1.4018081 12.0735210
-0.0000000 1.4018081 12.0735210
-1.2514547 3.6362635 12.0735210
1.2514547 3.6362635 12.0735210
-0.0000165 2.7956798 14.0994330
2.5029189 2.7953720 14.0992731
3.7540512 0.5773498 14.1737809
1.2517745 0.5773413 14.1737812

Crystal Axes: 
5.005819 0.000000 0.000000
-2.502909 4.468911 0.000000
0.000000 0.000000 24.147042
