Order: 
['Ni', 'Ni', 'W', 'W', 'Ni', 'Ni', 'W', 'W', 'Ni', 'Ni', 'W', 'W'] 
Coordinates: 
0.0000000 0.0000000 10.0000000
4.0011416 2.3151926 10.0000000
2.6703942 0.0000000 10.0000000
1.3307474 2.3151926 10.0000000
5.3407884 3.0903564 12.1815677
1.3396468 0.7751638 12.1815677
2.6703942 3.0903564 12.1815677
4.0100410 0.7751638 12.1815677
2.7050446 1.5652276 14.3163419
6.7062661 3.8804669 14.3164556
5.3783828 1.5669631 14.2827507
4.0387640 3.8821084 14.2827505

Crystal Axes: 
5.340788 0.000000 0.000000
2.661495 4.630385 0.000000
0.000000 0.000000 24.363135
