Order: 
['Ni', 'Ni', 'Rh', 'Rh', 'Ni', 'Ni', 'Rh', 'Rh', 'Ni', 'Ni', 'Rh', 'Rh'] 
Coordinates: 
0.0000000 0.0000000 10.0000000
3.8273285 2.2923459 10.0000000
2.6001548 0.0000000 10.0000000
1.2271737 2.2923459 10.0000000
5.2003096 3.1146812 12.1397696
1.3729811 0.8223353 12.1397696
2.6001548 3.1146812 12.1397696
3.9731358 0.8223353 12.1397696
2.6857855 1.6086259 14.2332070
6.5132412 3.9010521 14.2329530
5.2996837 1.6165401 14.2800129
3.9264202 3.9093562 14.2800128

Crystal Axes: 
5.200310 0.000000 0.000000
2.454347 4.584692 0.000000
0.000000 0.000000 24.279539
