Order: 
['Ni', 'Ni', 'Pd', 'Pd', 'Ni', 'Ni', 'Pd', 'Pd', 'Ni', 'Ni', 'Pd', 'Pd'] 
Coordinates: 
0.0000000 0.0000000 10.0000000
3.8899083 2.3465571 10.0000000
2.6527254 0.0000000 10.0000000
1.2371829 2.3465571 10.0000000
5.3054507 3.2004722 12.1856714
1.4155424 0.8539150 12.1856714
2.6527254 3.2004722 12.1856714
4.0682678 0.8539150 12.1856714
2.8164288 1.6989886 14.2971774
6.7063527 4.0455563 14.2972281
5.5065559 1.7216091 14.3996647
4.0910643 4.0680813 14.3996641

Crystal Axes: 
5.305451 0.000000 0.000000
2.474366 4.693114 0.000000
0.000000 0.000000 24.371343
