Order: 
['Ni', 'Ni', 'Ir', 'Ir', 'Ni', 'Ni', 'Ir', 'Ir', 'Ni', 'Ni', 'Ir', 'Ir'] 
Coordinates: 
0.0000000 0.0000000 10.0000000
3.8486176 2.2977206 10.0000000
2.6102070 0.0000000 10.0000000
1.2384106 2.2977206 10.0000000
5.2204140 3.1167172 12.1468033
1.3717964 0.8189966 12.1468033
2.6102070 3.1167172 12.1468033
3.9820034 0.8189966 12.1468033
2.6499037 1.5820596 14.2533437
6.4986699 3.8798672 14.2534270
5.2775344 1.5924016 14.2595159
3.9056860 3.8902100 14.2595158

Crystal Axes: 
5.220414 0.000000 0.000000
2.476821 4.595441 0.000000
0.000000 0.000000 24.293607
