Order: 
['Ni', 'Ni', 'Au', 'Au', 'Ni', 'Ni', 'Au', 'Au', 'Ni', 'Ni', 'Au', 'Au'] 
Coordinates: 
0.0000000 0.0000000 10.0000000
3.7837637 2.4587329 10.0000000
2.6907382 0.0000000 10.0000000
1.0930255 2.4587329 10.0000000
5.3814764 3.4969449 12.2287852
1.5977127 1.0382120 12.2287852
2.6907382 3.4969449 12.2287852
4.2884509 1.0382120 12.2287852
3.1811907 2.0671719 14.3981251
6.9651731 4.5260513 14.3981796
5.8969737 2.0833586 14.5214415
4.2991788 4.5422183 14.5214425

Crystal Axes: 
5.381476 0.000000 0.000000
2.186051 4.917466 0.000000
0.000000 0.000000 24.457570
