Order: 
['Ni', 'Ni', 'La', 'La', 'Ni', 'Ni', 'La', 'La', 'Ni', 'Ni', 'La', 'La'] 
Coordinates: 
0.0000000 0.0000000 10.0000000
4.1237867 2.9215663 10.0000000
3.0968098 0.0000000 10.0000000
1.0269768 2.9215663 10.0000000
6.1936197 4.3879745 12.5268947
2.0698330 1.4664082 12.5268947
3.0968098 4.3879745 12.5268947
5.1666429 1.4664082 12.5268947
4.1359051 2.9296413 14.7578893
0.0118680 0.0089093 14.7572773
1.0369612 2.9286792 15.0742026
3.1066656 0.0069225 15.0747798

Crystal Axes: 
6.193620 0.000000 0.000000
2.053954 5.843133 0.000000
0.000000 0.000000 25.053789
