Order: 
['Ni', 'Ni', 'Y', 'Y', 'Ni', 'Ni', 'Y', 'Y', 'Ni', 'Ni', 'Y', 'Y'] 
Coordinates: 
0.0000000 0.0000000 10.0000000
3.9432979 2.7722780 10.0000000
2.9461537 0.0000000 10.0000000
0.9971442 2.7722780 10.0000000
5.8923074 4.1425007 12.4099824
1.9490095 1.3702227 12.4099824
2.9461537 4.1425007 12.4099824
4.8951633 1.3702227 12.4099824
3.9089589 2.7482230 14.5799654
7.8523553 5.5203977 14.5799364
6.8594431 2.7511582 14.8197234
4.9104538 5.5234945 14.8197215

Crystal Axes: 
5.892307 0.000000 0.000000
1.994288 5.544556 0.000000
0.000000 0.000000 24.819965
