Order: 
['Ni', 'Ni', 'Zr', 'Zr', 'Ni', 'Ni', 'Zr', 'Zr', 'Ni', 'Ni', 'Zr', 'Zr'] 
Coordinates: 
0.0000000 0.0000000 10.0000000
3.7094350 2.6283213 10.0000000
2.7858664 0.0000000 10.0000000
0.9235686 2.6283213 10.0000000
5.5717328 3.9478530 12.2730836
1.8622979 1.3195317 12.2730836
2.7858664 3.9478530 12.2730836
4.6481643 1.3195317 12.2730836
3.7237472 2.6384525 14.3088550
0.0142417 0.0101001 14.3088297
0.9357924 2.6369773 14.5694475
2.7980796 0.0086581 14.5694474

Crystal Axes: 
5.571733 0.000000 0.000000
1.847137 5.256643 0.000000
0.000000 0.000000 24.546167
