Order: 
['Ni', 'Ni', 'Ru', 'Ru', 'Ni', 'Ni', 'Ru', 'Ru', 'Ni', 'Ni', 'Ru', 'Ru'] 
Coordinates: 
0.0000000 0.0000000 10.0000000
3.9268670 2.2673259 10.0000000
2.6179969 0.0000000 10.0000000
1.3088701 2.2673259 10.0000000
5.2359938 3.0232000 12.1376204
1.3091268 0.7558741 12.1376204
2.6179969 3.0232000 12.1376204
3.9271237 0.7558741 12.1376204
2.6051676 1.5041921 14.1950445
6.5322207 3.7716261 14.1952127
5.2145264 1.4991913 14.2101154
3.9053881 3.7665381 14.2101165

Crystal Axes: 
5.235994 0.000000 0.000000
2.617740 4.534652 0.000000
0.000000 0.000000 24.275241
