Order: 
['Ni', 'Ni', 'Nb', 'Nb', 'Ni', 'Ni', 'Nb', 'Nb', 'Ni', 'Ni', 'Nb', 'Nb'] 
Coordinates: 
0.0000000 0.0000000 10.0000000
4.0642597 2.3736307 10.0000000
2.7252601 0.0000000 10.0000000
1.3389996 2.3736307 10.0000000
5.4505202 3.1832420 12.2312894
1.3862605 0.8096113 12.2312894
2.7252601 3.1832420 12.2312894
4.1115206 0.8096113 12.2312894
2.8292322 1.6523451 14.3963761
6.8933673 4.0258977 14.3962476
5.5800538 1.6672597 14.3756834
4.1937844 4.0409111 14.3756832

Crystal Axes: 
5.450520 0.000000 0.000000
2.677999 4.747261 0.000000
0.000000 0.000000 24.462579
