Order: 
['Ni', 'Ni', 'Zn', 'Zn', 'Ni', 'Ni', 'Zn', 'Zn', 'Ni', 'Ni', 'Zn', 'Zn'] 
Coordinates: 
0.0000000 0.0000000 10.0000000
3.6081670 2.2999918 10.0000000
2.5371375 0.0000000 10.0000000
1.0710295 2.2999918 10.0000000
5.0742750 3.2345485 12.1015629
1.4661080 0.9345566 12.1015629
2.5371375 3.2345485 12.1015629
4.0032455 0.9345566 12.1015629
2.9236024 1.8636222 14.1070951
6.5315725 4.1634887 14.1070244
5.4667725 1.8677362 14.3093895
4.0009074 4.1673462 14.3093896

Crystal Axes: 
5.074275 0.000000 0.000000
2.142059 4.599984 0.000000
0.000000 0.000000 24.203126
