Order: 
['Ni', 'Ni', 'Hf', 'Hf', 'Ni', 'Ni', 'Hf', 'Hf', 'Ni', 'Ni', 'Hf', 'Hf'] 
Coordinates: 
0.0000000 0.0000000 10.0000000
3.6577297 2.6033585 10.0000000
2.7553242 0.0000000 10.0000000
0.9024055 2.6033585 10.0000000
5.5106483 3.9221578 12.2446033
1.8529186 1.3187993 12.2446033
2.7553242 3.9221578 12.2446033
4.6082428 1.3187993 12.2446033
3.6980504 2.6320587 14.2697447
0.0402105 0.0286177 14.2696715
0.9401010 2.6301292 14.5038243
2.7929661 0.0268492 14.5038248

Crystal Axes: 
5.510648 0.000000 0.000000
1.804811 5.206717 0.000000
0.000000 0.000000 24.489207
