Order: 
['Ni', 'Ni', 'Mo', 'Mo', 'Ni', 'Ni', 'Mo', 'Mo', 'Ni', 'Ni', 'Mo', 'Mo'] 
Coordinates: 
0.0000000 0.0000000 10.0000000
2.6373624 0.0000000 10.0000000
1.3186812 2.3239777 10.0000000
-1.3186812 2.3239777 10.0000000
2.6373624 1.4965033 12.1716718
-0.0000000 1.4965033 12.1716718
-1.3186812 3.8204810 12.1716718
1.3186812 3.8204810 12.1716718
-0.0000003 3.0631858 14.2847815
2.6373624 3.0630082 14.2847075
3.9560576 0.7473354 14.2665926
1.3186671 0.7473355 14.2665927

Crystal Axes: 
5.274725 0.000000 0.000000
-2.637362 4.647955 0.000000
0.000000 0.000000 24.343344
