Order: 
['Ni', 'Ni', 'Ag', 'Ag', 'Ni', 'Ni', 'Ag', 'Ag', 'Ni', 'Ni', 'Ag', 'Ag'] 
Coordinates: 
0.0000000 0.0000000 10.0000000
4.0793736 2.3927325 10.0000000
2.7414084 0.0000000 10.0000000
1.3379652 2.3927325 10.0000000
5.4828167 3.2159138 12.2466734
1.4034431 0.8231813 12.2466734
2.7414084 3.2159138 12.2466734
4.1448515 0.8231813 12.2466734
2.5825161 1.5147565 14.3279852
6.6620580 3.9075931 14.3280287
5.3851762 1.5505812 14.6362104
3.9816386 3.9434687 14.6362112

Crystal Axes: 
5.482817 0.000000 0.000000
2.675930 4.785465 0.000000
0.000000 0.000000 24.493347
