Order: 
['Ni', 'Ni', 'Os', 'Os', 'Ni', 'Ni', 'Os', 'Os', 'Ni', 'Ni', 'Os', 'Os'] 
Coordinates: 
0.0000000 0.0000000 10.0000000
2.6178575 0.0000000 10.0000000
1.3089287 2.2731426 10.0000000
-1.3089287 2.2731426 10.0000000
2.6178575 1.5074236 12.1402924
-0.0000000 1.5074236 12.1402924
-1.3089287 3.7805662 12.1402924
1.3089287 3.7805662 12.1402924
0.0000002 2.9849089 14.2212233
2.6178575 2.9849994 14.2213258
3.9267385 0.6889794 14.2197980
1.3089760 0.6889793 14.2197980

Crystal Axes: 
5.235715 0.000000 0.000000
-2.617857 4.546285 0.000000
0.000000 0.000000 24.280585
