Order: 
['Ni', 'Ni', 'Ta', 'Ta', 'Ni', 'Ni', 'Ta', 'Ta', 'Ni', 'Ni', 'Ta', 'Ta'] 
Coordinates: 
0.0000000 0.0000000 10.0000000
4.0327462 2.3819928 10.0000000
2.7198503 0.0000000 10.0000000
1.3128959 2.3819928 10.0000000
5.4397006 3.2130283 12.2323239
1.4069544 0.8310355 12.2323239
2.7198503 3.2130283 12.2323239
4.1268046 0.8310355 12.2323239
2.8803714 1.7013251 14.4168443
6.9130008 4.0832540 14.4168763
5.6255011 1.7164386 14.3767371
4.2186995 4.0981640 14.3767376

Crystal Axes: 
5.439701 0.000000 0.000000
2.625792 4.763986 0.000000
0.000000 0.000000 24.464648
