Order: 
['Ni', 'Ni', 'Hg', 'Hg', 'Ni', 'Ni', 'Hg', 'Hg', 'Ni', 'Ni', 'Hg', 'Hg'] 
Coordinates: 
0.0000000 0.0000000 10.0000000
3.6606140 2.6084426 10.0000000
2.7596556 0.0000000 10.0000000
0.9009584 2.6084426 10.0000000
5.5193111 3.9328938 12.2471764
1.8586971 1.3244512 12.2471764
2.7596556 3.9328938 12.2471764
4.6183527 1.3244512 12.2471764
3.7193892 2.6503233 14.3534780
0.0587973 0.0418965 14.3534932
0.9582665 2.6492828 14.7329822
2.8169670 0.0408338 14.7329820

Crystal Axes: 
5.519311 0.000000 0.000000
1.801917 5.216885 0.000000
0.000000 0.000000 24.494353
