Order: 
['Ni', 'Ni', 'Re', 'Re', 'Ni', 'Ni', 'Re', 'Re', 'Ni', 'Ni', 'Re', 'Re'] 
Coordinates: 
0.0000000 0.0000000 10.0000000
2.6178670 0.0000000 10.0000000
1.3089335 2.3079331 10.0000000
-1.3089335 2.3079331 10.0000000
2.6178670 1.4847111 12.1561217
-0.0000000 1.4847111 12.1561217
-1.3089335 3.7926441 12.1561217
1.3089335 3.7926441 12.1561217
0.0000005 2.9854872 14.2539157
2.6178677 2.9853720 14.2538167
3.9268422 0.6616891 14.2404661
1.3088910 0.6616894 14.2404659

Crystal Axes: 
5.235734 0.000000 0.000000
-2.617867 4.615866 0.000000
0.000000 0.000000 24.312243
