Order: 
['Ni', 'Ni', 'Pt', 'Pt', 'Ni', 'Ni', 'Pt', 'Pt', 'Ni', 'Ni', 'Pt', 'Pt'] 
Coordinates: 
0.0000000 0.0000000 10.0000000
3.9062289 2.3446440 10.0000000
2.6567797 0.0000000 10.0000000
1.2494491 2.3446440 10.0000000
5.3135595 3.1893690 12.1871889
1.4073306 0.8447250 12.1871889
2.6567797 3.1893690 12.1871889
4.0641104 0.8447250 12.1871889
2.7980536 1.6794818 14.3530740
6.7042097 4.0240823 14.3530644
5.4909302 1.7011383 14.3703136
4.0835909 4.0457967 14.3703133

Crystal Axes: 
5.313559 0.000000 0.000000
2.498898 4.689288 0.000000
0.000000 0.000000 24.374378
