Order: 
['Ni', 'Ni', 'Cd', 'Cd', 'Ni', 'Ni', 'Cd', 'Cd', 'Ni', 'Ni', 'Cd', 'Cd'] 
Coordinates: 
0.0000000 0.0000000 10.0000000
3.8531764 2.5116468 10.0000000
2.7451817 0.0000000 10.0000000
1.1079948 2.5116468 10.0000000
5.4903633 3.5788275 12.2736524
1.6371869 1.0671806 12.2736524
2.7451817 3.5788275 12.2736524
4.3823685 1.0671806 12.2736524
2.9224627 1.9049708 14.3611843
6.7759281 4.4168201 14.3605390
5.7206691 1.9390972 14.7861168
4.0830766 4.4513513 14.7860952

Crystal Axes: 
5.490363 0.000000 0.000000
2.215990 5.023294 0.000000
0.000000 0.000000 24.547305
