Order: 
['Os', 'Os', 'Au', 'Au', 'Os', 'Os', 'Au', 'Au', 'Os', 'Os', 'Au', 'Au'] 
Coordinates: 
0.0000000 0.0000000 10.0000000
2.7969153 0.0000000 10.0000000
1.3984577 2.4872199 10.0000000
-1.3984577 2.4872199 10.0000000
2.7969153 1.5725862 12.3129436
0.0000000 1.5725862 12.3129436
-1.3984577 4.0598061 12.3129436
1.3984577 4.0598061 12.3129436
0.0001243 1.1993643 14.5833113
2.7967905 1.1993081 14.5835936
1.3984615 3.6595183 15.0829206
-1.3984545 3.6592943 15.0829169

Crystal Axes: 
5.593831 0.000000 0.000000
-2.796915 4.974440 0.000000
0.000000 0.000000 24.625887
