Order: 
['Os', 'Os', 'Pt', 'Pt', 'Os', 'Os', 'Pt', 'Pt', 'Os', 'Os', 'Pt', 'Pt'] 
Coordinates: 
0.0000000 0.0000000 10.0000000
2.7509358 0.0000000 10.0000000
1.3754679 2.4125883 10.0000000
-1.3754679 2.4125883 10.0000000
2.7509358 1.5683670 12.2600603
0.0000000 1.5683670 12.2600603
-1.3754679 3.9809553 12.2600603
1.3754679 3.9809553 12.2600603
0.0000067 3.0873722 14.4194277
2.7509511 3.0873796 14.4194372
4.1263961 0.7627775 14.5230516
1.3754590 0.7627802 14.5230513

Crystal Axes: 
5.501872 0.000000 0.000000
-2.750936 4.825177 0.000000
0.000000 0.000000 24.520121
