Order: 
['Os', 'Os', 'Ir', 'Ir', 'Os', 'Os', 'Ir', 'Ir', 'Os', 'Os', 'Ir', 'Ir'] 
Coordinates: 
0.0000000 0.0000000 10.0000000
2.7233368 0.0000000 10.0000000
1.3616684 2.3779174 10.0000000
-1.3616684 2.3779174 10.0000000
2.7233368 1.5594662 12.2326282
-0.0000000 1.5594662 12.2326282
-1.3616684 3.9373836 12.2326282
1.3616684 3.9373836 12.2326282
0.0000009 3.0920615 14.3921562
2.7233385 3.0920681 14.3921625
4.0850043 0.7921356 14.3781992
1.3616697 0.7921357 14.3782006

Crystal Axes: 
5.446674 0.000000 0.000000
-2.723337 4.755835 0.000000
0.000000 0.000000 24.465256
