Order: 
['Os', 'Os', 'Hg', 'Hg', 'Os', 'Os', 'Hg', 'Hg', 'Os', 'Os', 'Hg', 'Hg'] 
Coordinates: 
0.0000000 0.0000000 10.0000000
2.8406820 0.0000000 10.0000000
1.4203410 2.6268556 10.0000000
-1.4203410 2.6268556 10.0000000
2.8406820 1.5359570 12.3896256
0.0000000 1.5359570 12.3896256
-1.4203410 4.1628126 12.3896256
1.4203410 4.1628126 12.3896256
-0.0000366 2.3075118 14.5375448
2.8407526 2.3076599 14.5376998
1.4204620 5.0157413 15.4009052
-1.4204460 5.0158377 15.4008992

Crystal Axes: 
5.681364 0.000000 0.000000
-2.840682 5.253711 0.000000
0.000000 0.000000 24.779251
