Order: 
['Pd', 'Pd', 'Cd', 'Cd', 'Pd', 'Pd', 'Cd', 'Cd', 'Pd', 'Pd', 'Cd', 'Cd'] 
Coordinates: 
0.0000000 0.0000000 10.0000000
4.1105582 2.6173263 10.0000000
2.8885475 0.0000000 10.0000000
1.2220106 2.6173263 10.0000000
5.7770951 3.6784646 12.3925681
1.6665369 1.0611383 12.3925681
2.8885475 3.6784646 12.3925681
4.5550844 1.0611383 12.3925681
3.3339556 2.1228400 14.6694475
7.4445140 4.7401577 14.6694474
6.2357537 2.1312455 14.8911910
4.5692218 4.7485966 14.8911745

Crystal Axes: 
5.777095 0.000000 0.000000
2.444021 5.234653 0.000000
0.000000 0.000000 24.785136
