Order: 
['Pd', 'Pd', 'Hg', 'Hg', 'Pd', 'Pd', 'Hg', 'Hg', 'Pd', 'Pd', 'Hg', 'Hg'] 
Coordinates: 
0.0000000 0.0000000 10.0000000
4.1977142 2.6433921 10.0000000
2.9311579 0.0000000 10.0000000
1.2665563 2.6433921 10.0000000
5.8623158 3.6916279 12.4266692
1.6646015 1.0482358 12.4266692
2.9311579 3.6916279 12.4266692
4.5957594 1.0482358 12.4266692
3.3046841 2.0810258 14.7221000
7.5023942 4.7244241 14.7221004
6.2613334 2.0970830 15.0914839
4.5967373 4.7404808 15.0914925

Crystal Axes: 
5.862316 0.000000 0.000000
2.533113 5.286784 0.000000
0.000000 0.000000 24.853338
