Order: 
['Pd', 'Pd', 'Pt', 'Pt', 'Pd', 'Pd', 'Pt', 'Pt', 'Pd', 'Pd', 'Pt', 'Pt'] 
Coordinates: 
0.0000000 0.0000000 10.0000000
2.8113138 0.0000000 10.0000000
1.4056569 2.4417270 10.0000000
-1.4056569 2.4417270 10.0000000
2.8113138 1.6184212 12.2987384
-0.0000000 1.6184212 12.2987384
-1.4056569 4.0601481 12.2987384
1.4056569 4.0601481 12.2987384
0.0000003 3.2295804 14.6533096
2.8113139 3.2295779 14.6533113
4.2169706 0.7821502 14.5607349
1.4056573 0.7821501 14.5607349

Crystal Axes: 
5.622628 0.000000 0.000000
-2.811314 4.883454 0.000000
0.000000 0.000000 24.597477
