Order: 
['Pd', 'Pd', 'Au', 'Au', 'Pd', 'Pd', 'Au', 'Au', 'Pd', 'Pd', 'Au', 'Au'] 
Coordinates: 
0.0000000 0.0000000 10.0000000
4.3102238 2.5128639 10.0000000
2.8876127 0.0000000 10.0000000
1.4226111 2.5128639 10.0000000
5.7752254 3.3669610 12.3632611
1.4650016 0.8540971 12.3632611
2.8876127 3.3669610 12.3632611
4.3526143 0.8540971 12.3632611
2.9269155 1.7063974 14.7116986
7.2371327 4.2192522 14.7117001
5.8310094 1.7160140 14.7750591
4.3660251 4.2288612 14.7750522

Crystal Axes: 
5.775225 0.000000 0.000000
2.845222 5.025728 0.000000
0.000000 0.000000 24.726522
