Order: 
['Pd', 'Pd', 'W', 'W', 'Pd', 'Pd', 'W', 'W', 'Pd', 'Pd', 'W', 'W'] 
Coordinates: 
0.0000000 0.0000000 10.0000000
2.7346200 0.0000000 10.0000000
1.3673100 2.4920683 10.0000000
-1.3673100 2.4920683 10.0000000
2.7346200 1.5003896 12.2862584
0.0000000 1.5003896 12.2862584
-1.3673100 3.9924579 12.2862584
1.3673100 3.9924579 12.2862584
-0.0000185 3.1031377 14.5705153
2.7346038 3.1031379 14.5705144
4.1018947 0.5478025 14.4422255
1.3672755 0.5478049 14.4422233

Crystal Axes: 
5.469240 0.000000 0.000000
-2.734620 4.984137 0.000000
0.000000 0.000000 24.572517
