Order: 
['Pd', 'Pd', 'Ir', 'Ir', 'Pd', 'Pd', 'Ir', 'Ir', 'Pd', 'Pd', 'Ir', 'Ir'] 
Coordinates: 
0.0000000 0.0000000 10.0000000
2.7630483 0.0000000 10.0000000
1.3815241 2.4097842 10.0000000
-1.3815241 2.4097842 10.0000000
2.7630483 1.5840496 12.2638954
-0.0000000 1.5840496 12.2638954
-1.3815241 3.9938339 12.2638954
1.3815241 3.9938339 12.2638954
0.0000436 3.0544681 14.6119289
2.7631336 3.0544652 14.6119267
4.1446127 0.6092506 14.4271179
1.3815630 0.6092418 14.4271116

Crystal Axes: 
5.526097 0.000000 0.000000
-2.763048 4.819568 0.000000
0.000000 0.000000 24.527791
