Order: 
['Pd', 'Pd', 'Hf', 'Hf', 'Pd', 'Pd', 'Hf', 'Hf', 'Pd', 'Pd', 'Hf', 'Hf'] 
Coordinates: 
0.0000000 0.0000000 10.0000000
3.9231559 2.6956763 10.0000000
2.8877036 0.0000000 10.0000000
1.0354523 2.6956763 10.0000000
5.7754072 3.9683940 12.3763123
1.8522513 1.2727177 12.3763123
2.8877036 3.9683940 12.3763123
4.7399549 1.2727177 12.3763123
3.7133256 2.5514974 14.6130157
7.6364840 5.2471740 14.6130151
6.6104095 2.5579440 14.7248645
4.7581620 5.2536214 14.7248668

Crystal Axes: 
5.775407 0.000000 0.000000
2.070905 5.391353 0.000000
0.000000 0.000000 24.752625
