Order: 
['Pd', 'Pd', 'Os', 'Os', 'Pd', 'Pd', 'Os', 'Os', 'Pd', 'Pd', 'Os', 'Os'] 
Coordinates: 
0.0000000 0.0000000 10.0000000
2.7106043 0.0000000 10.0000000
1.3553022 2.4359967 10.0000000
-1.3553022 2.4359967 10.0000000
2.7106043 1.5080841 12.2523451
-0.0000000 1.5080841 12.2523451
-1.3553022 3.9440808 12.2523451
1.3553022 3.9440808 12.2523451
-0.0000066 2.9288814 14.5726237
2.7105633 2.9288779 14.5726239
4.0658947 0.4066330 14.3532258
1.3552892 0.4066511 14.3532325

Crystal Axes: 
5.421209 0.000000 0.000000
-2.710604 4.871993 0.000000
0.000000 0.000000 24.504690
