Order: 
['Pd', 'Pd', 'Ag', 'Ag', 'Pd', 'Pd', 'Ag', 'Ag', 'Pd', 'Pd', 'Ag', 'Ag'] 
Coordinates: 
0.0000000 0.0000000 10.0000000
2.8823034 0.0000000 10.0000000
1.4411517 2.5152574 10.0000000
-1.4411517 2.5152574 10.0000000
2.8823034 1.6514559 12.3622800
0.0000000 1.6514559 12.3622800
-1.4411517 4.1667132 12.3622800
1.4411517 4.1667132 12.3622800
-0.0000002 3.2866913 14.6824627
2.8823037 3.2866913 14.6824616
4.3234553 0.7977121 14.7644377
1.4411516 0.7977113 14.7644383

Crystal Axes: 
5.764607 0.000000 0.000000
-2.882303 5.030515 0.000000
0.000000 0.000000 24.724560
