Order: 
['Pd', 'Pd', 'Y', 'Y', 'Pd', 'Pd', 'Y', 'Y', 'Pd', 'Pd', 'Y', 'Y'] 
Coordinates: 
0.0000000 0.0000000 10.0000000
4.0770552 2.8854271 10.0000000
3.0595696 0.0000000 10.0000000
1.0174856 2.8854271 10.0000000
6.1191393 4.3306576 12.4973983
2.0420841 1.4452305 12.4973983
3.0595696 4.3306576 12.4973983
5.1016537 1.4452305 12.4973983
4.0828329 2.8895308 14.7805835
0.0057808 0.0040764 14.7805818
1.0225481 2.8890183 14.9992785
3.0646645 0.0036012 14.9992829

Crystal Axes: 
6.119139 0.000000 0.000000
2.034971 5.770854 0.000000
0.000000 0.000000 24.994797
