Order: 
['Pd', 'Pd', 'Re', 'Re', 'Pd', 'Pd', 'Re', 'Re', 'Pd', 'Pd', 'Re', 'Re'] 
Coordinates: 
0.0000000 0.0000000 10.0000000
2.6956412 0.0000000 10.0000000
1.3478206 2.4683225 10.0000000
-1.3478206 2.4683225 10.0000000
2.6956412 1.4719473 12.2582853
-0.0000000 1.4719473 12.2582853
-1.3478206 3.9402698 12.2582853
1.3478206 3.9402698 12.2582853
-0.0000135 2.9966407 14.5429905
2.6956263 2.9966394 14.5429901
4.0434706 0.4423628 14.3819653
1.3478302 0.4423666 14.3819795

Crystal Axes: 
5.391282 0.000000 0.000000
-2.695641 4.936645 0.000000
0.000000 0.000000 24.516571
