Order: 
['Pd', 'Pd', 'Ta', 'Ta', 'Pd', 'Pd', 'Ta', 'Ta', 'Pd', 'Pd', 'Ta', 'Ta'] 
Coordinates: 
0.0000000 0.0000000 10.0000000
2.8289096 0.0000000 10.0000000
1.4144548 2.5060721 10.0000000
-1.4144548 2.5060721 10.0000000
2.8289096 1.5966678 12.3352476
0.0000000 1.5966678 12.3352476
-1.4144548 4.1027399 12.3352476
1.4144548 4.1027399 12.3352476
-0.0000016 3.3049555 14.6599492
2.8289098 3.3049547 14.6599491
4.2433637 0.7466920 14.5489913
1.4144545 0.7466952 14.5489922

Crystal Axes: 
5.657819 0.000000 0.000000
-2.828910 5.012144 0.000000
0.000000 0.000000 24.670495
