Order: 
['Pt', 'Pt', 'Hg', 'Hg', 'Pt', 'Pt', 'Hg', 'Hg', 'Pt', 'Pt', 'Hg', 'Hg'] 
Coordinates: 
0.0000000 0.0000000 10.0000000
4.2465585 2.6360550 10.0000000
2.9414460 0.0000000 10.0000000
1.3051125 2.6360550 10.0000000
5.8828920 3.6518105 12.4324939
1.6363335 1.0157555 12.4324939
2.9414460 3.6518105 12.4324939
4.5777795 1.0157555 12.4324939
3.0218514 1.8758089 14.7014852
7.2683905 4.5118804 14.7014899
5.9927156 1.8940932 15.1994124
4.3563650 4.5301304 15.1994030

Crystal Axes: 
5.882892 0.000000 0.000000
2.610225 5.272110 0.000000
0.000000 0.000000 24.864988
