Order: 
['Pt', 'Pt', 'Au', 'Au', 'Pt', 'Pt', 'Au', 'Au', 'Pt', 'Pt', 'Au', 'Au'] 
Coordinates: 
0.0000000 0.0000000 10.0000000
2.8680034 0.0000000 10.0000000
1.4340017 2.5230834 10.0000000
-1.4340017 2.5230834 10.0000000
2.8680034 1.6300380 12.3597499
0.0000000 1.6300380 12.3597499
-1.4340017 4.1531214 12.3597499
1.4340017 4.1531214 12.3597499
0.0000287 3.0806268 14.6811163
2.8679828 3.0806305 14.6811190
4.3019792 0.5862795 14.8805694
1.4339777 0.5862078 14.8805043

Crystal Axes: 
5.736007 0.000000 0.000000
-2.868003 5.046167 0.000000
0.000000 0.000000 24.719500
