Order: 
['Re', 'Re', 'Au', 'Au', 'Re', 'Re', 'Au', 'Au', 'Re', 'Re', 'Au', 'Au'] 
Coordinates: 
0.0000000 0.0000000 10.0000000
2.7264866 0.0000000 10.0000000
1.3632433 2.5829553 10.0000000
-1.3632433 2.5829553 10.0000000
2.7264866 1.4389969 12.3158189
0.0000000 1.4389969 12.3158189
-1.3632433 4.0219522 12.3158189
1.3632433 4.0219522 12.3158189
-0.0021328 0.4827974 14.4739826
2.7254112 0.4824150 14.4739979
1.3597972 2.9712980 14.9856210
-1.3626434 2.9726392 14.9857328

Crystal Axes: 
5.452973 0.000000 0.000000
-2.726487 5.165911 0.000000
0.000000 0.000000 24.631638
