Order: 
['Re', 'Re', 'Pt', 'Pt', 'Re', 'Re', 'Pt', 'Pt', 'Re', 'Re', 'Pt', 'Pt'] 
Coordinates: 
0.0000000 0.0000000 10.0000000
2.7173139 0.0000000 10.0000000
1.3586570 2.4650146 10.0000000
-1.3586570 2.4650146 10.0000000
2.7173139 1.4977183 12.2672968
0.0000000 1.4977183 12.2672968
-1.3586570 3.9627329 12.2672968
1.3586570 3.9627329 12.2672968
-0.0000231 3.0258046 14.4354992
2.7172716 3.0258099 14.4354996
4.0758976 0.6793075 14.4972416
1.3586099 0.6793037 14.4972415

Crystal Axes: 
5.434628 0.000000 0.000000
-2.717314 4.930029 0.000000
0.000000 0.000000 24.534594
