Order: 
['Re', 'Re', 'Ir', 'Ir', 'Re', 'Re', 'Ir', 'Ir', 'Re', 'Re', 'Ir', 'Ir'] 
Coordinates: 
0.0000000 0.0000000 10.0000000
2.7281401 0.0000000 10.0000000
1.3640700 2.3967337 10.0000000
-1.3640700 2.3967337 10.0000000
2.7281401 1.5526857 12.2431931
-0.0000000 1.5526857 12.2431931
-1.3640700 3.9494194 12.2431931
1.3640700 3.9494194 12.2431931
-0.0000063 3.1026888 14.3986169
2.7281409 3.1026863 14.3986168
4.0922106 0.7960728 14.3968012
1.3640714 0.7960697 14.3968025

Crystal Axes: 
5.456280 0.000000 0.000000
-2.728140 4.793467 0.000000
0.000000 0.000000 24.486386
