Order: 
['Re', 'Re', 'Os', 'Os', 'Re', 'Re', 'Os', 'Os', 'Re', 'Re', 'Os', 'Os'] 
Coordinates: 
0.0000000 0.0000000 10.0000000
4.1163335 2.3786345 10.0000000
2.7454170 0.0000000 10.0000000
1.3709165 2.3786345 10.0000000
5.4908339 3.1728933 12.2421095
1.3745004 0.7942588 12.2421095
2.7454170 3.1728933 12.2421095
4.1199174 0.7942588 12.2421095
2.7470012 1.5873640 14.3806736
6.8633339 3.9659922 14.3806780
5.5018807 1.5928351 14.3950178
4.1273775 3.9714621 14.3950192

Crystal Axes: 
5.490834 0.000000 0.000000
2.741833 4.757269 0.000000
0.000000 0.000000 24.484219
