Order: 
['Re', 'Re', 'Hg', 'Hg', 'Re', 'Re', 'Hg', 'Hg', 'Re', 'Re', 'Hg', 'Hg'] 
Coordinates: 
0.0000000 0.0000000 10.0000000
2.7921291 0.0000000 10.0000000
1.3960646 2.6980685 10.0000000
-1.3960646 2.6980685 10.0000000
2.7921291 1.4447344 12.3892943
-0.0000000 1.4447344 12.3892943
-1.3960646 4.1428029 12.3892943
1.3960646 4.1428029 12.3892943
0.0000863 2.1966867 14.5915623
2.7921322 2.1965711 14.5912045
1.3960321 5.0094472 15.3207204
-1.3959959 5.0093886 15.3206749

Crystal Axes: 
5.584258 0.000000 0.000000
-2.792129 5.396137 0.000000
0.000000 0.000000 24.778589
