Order: 
['Rh', 'Rh', 'Ir', 'Ir', 'Rh', 'Rh', 'Ir', 'Ir', 'Rh', 'Rh', 'Ir', 'Ir'] 
Coordinates: 
0.0000000 0.0000000 10.0000000
2.7301206 0.0000000 10.0000000
1.3650603 2.3687219 10.0000000
-1.3650603 2.3687219 10.0000000
2.7301206 1.5733291 12.2311867
-0.0000000 1.5733291 12.2311867
-1.3650603 3.9420511 12.2311867
1.3650603 3.9420511 12.2311867
-0.0000000 3.1500376 14.4284240
2.7301201 3.1500381 14.4284314
4.0951773 0.7688252 14.3893965
1.3650625 0.7688243 14.3893978

Crystal Axes: 
5.460241 0.000000 0.000000
-2.730121 4.737444 0.000000
0.000000 0.000000 24.462373
