Order: 
['Rh', 'Rh', 'Ta', 'Ta', 'Rh', 'Rh', 'Ta', 'Ta', 'Rh', 'Rh', 'Ta', 'Ta'] 
Coordinates: 
0.0000000 0.0000000 10.0000000
4.1369695 2.4713812 10.0000000
2.8066731 0.0000000 10.0000000
1.3302965 2.4713812 10.0000000
5.6133462 3.3533527 12.3086471
1.4763766 0.8819715 12.3086471
2.8066731 3.3533527 12.3086471
4.2830497 0.8819715 12.3086471
3.0755596 1.8373020 14.5528574
7.2125277 4.3086904 14.5528573
5.8828904 1.8376934 14.5437884
4.4065071 4.3090825 14.5437919

Crystal Axes: 
5.613346 0.000000 0.000000
2.660593 4.942762 0.000000
0.000000 0.000000 24.617294
