Order: 
['Rh', 'Rh', 'Re', 'Re', 'Rh', 'Rh', 'Re', 'Re', 'Rh', 'Rh', 'Re', 'Re'] 
Coordinates: 
0.0000000 0.0000000 10.0000000
2.6993631 0.0000000 10.0000000
1.3496816 2.4000746 10.0000000
-1.3496816 2.4000746 10.0000000
2.6993631 1.5179864 12.2321018
0.0000000 1.5179864 12.2321018
-1.3496816 3.9180610 12.2321018
1.3496816 3.9180610 12.2321018
-0.0000007 3.1374407 14.3935590
2.6993696 3.1374355 14.3935584
4.0490539 0.6524095 14.3649131
1.3496826 0.6524033 14.3649103

Crystal Axes: 
5.398726 0.000000 0.000000
-2.699363 4.800149 0.000000
0.000000 0.000000 24.464204
