Order: 
['Rh', 'Rh', 'Ag', 'Ag', 'Rh', 'Rh', 'Ag', 'Ag', 'Rh', 'Rh', 'Ag', 'Ag'] 
Coordinates: 
0.0000000 0.0000000 10.0000000
2.7536282 0.0000000 10.0000000
1.3768141 2.5621657 10.0000000
-1.3768141 2.5621657 10.0000000
2.7536282 1.4796991 12.3222745
-0.0000000 1.4796991 12.3222745
-1.3768141 4.0418647 12.3222745
1.3768141 4.0418647 12.3222745
-0.0001777 2.7350659 14.5303825
2.7534494 2.7350149 14.5303968
4.1300325 0.2257497 14.8166801
1.3766177 0.2257489 14.8166757

Crystal Axes: 
5.507256 0.000000 0.000000
-2.753628 5.124331 0.000000
0.000000 0.000000 24.644549
