Order: 
['Rh', 'Rh', 'Hf', 'Hf', 'Rh', 'Rh', 'Hf', 'Hf', 'Rh', 'Rh', 'Hf', 'Hf'] 
Coordinates: 
0.0000000 0.0000000 10.0000000
3.8217222 2.6578007 10.0000000
2.8350393 0.0000000 10.0000000
0.9866829 2.6578007 10.0000000
5.6700785 3.9432324 12.3262781
1.8483563 1.2854317 12.3262781
2.8350393 3.9432324 12.3262781
4.6833956 1.2854317 12.3262781
3.7533754 2.6102714 14.4439706
7.5751004 5.2680698 14.4439741
6.5926822 2.6132320 14.6566396
4.7443275 5.2710435 14.6566423

Crystal Axes: 
5.670079 0.000000 0.000000
1.973366 5.315601 0.000000
0.000000 0.000000 24.652556
