Order: 
['Rh', 'Rh', 'Au', 'Au', 'Rh', 'Rh', 'Au', 'Au', 'Rh', 'Rh', 'Au', 'Au'] 
Coordinates: 
0.0000000 0.0000000 10.0000000
2.8205074 0.0000000 10.0000000
1.4102537 2.4940232 10.0000000
-1.4102537 2.4940232 10.0000000
2.8205074 1.5948653 12.3262989
-0.0000000 1.5948653 12.3262989
-1.4102537 4.0888885 12.3262989
1.4102537 4.0888885 12.3262989
-0.0000341 2.9617472 14.5595618
2.8205288 2.9611114 14.5596208
4.2298454 0.5151494 14.8263517
1.4111641 0.5152169 14.8262538

Crystal Axes: 
5.641015 0.000000 0.000000
-2.820507 4.988046 0.000000
0.000000 0.000000 24.652598
