Order: 
['Rh', 'Rh', 'W', 'W', 'Rh', 'Rh', 'W', 'W', 'Rh', 'Rh', 'W', 'W'] 
Coordinates: 
0.0000000 0.0000000 10.0000000
2.7602194 0.0000000 10.0000000
1.3801097 2.4068752 10.0000000
-1.3801097 2.4068752 10.0000000
2.7602194 1.5827184 12.2613743
0.0000000 1.5827184 12.2613743
-1.3801097 3.9895936 12.2613743
1.3801097 3.9895936 12.2613743
0.0000016 3.2451610 14.4678511
2.7602175 3.2451619 14.4678510
4.1403286 0.7881886 14.4086920
1.3801082 0.7881899 14.4086923

Crystal Axes: 
5.520439 0.000000 0.000000
-2.760219 4.813750 0.000000
0.000000 0.000000 24.522749
