Order: 
['Rh', 'Rh', 'Hg', 'Hg', 'Rh', 'Rh', 'Hg', 'Hg', 'Rh', 'Rh', 'Hg', 'Hg'] 
Coordinates: 
0.0000000 0.0000000 10.0000000
3.8028978 2.6873505 10.0000000
2.8509686 0.0000000 10.0000000
0.9519292 2.6873505 10.0000000
5.7019371 4.0293229 12.3282960
1.8990393 1.3419725 12.3282960
2.8509686 4.0293229 12.3282960
4.7500079 1.3419725 12.3282960
3.7980857 2.6839471 14.5339697
7.6010228 5.3713245 14.5340294
6.6490652 2.6841092 14.8589438
4.7501766 5.3712582 14.8589415

Crystal Axes: 
5.701937 0.000000 0.000000
1.903858 5.374701 0.000000
0.000000 0.000000 24.656592
