Order: 
['Rh', 'Rh', 'Y', 'Y', 'Rh', 'Rh', 'Y', 'Y', 'Rh', 'Rh', 'Y', 'Y'] 
Coordinates: 
0.0000000 0.0000000 10.0000000
3.9683226 2.8388465 10.0000000
2.9995839 0.0000000 10.0000000
0.9687387 2.8388465 10.0000000
5.9991679 4.2916663 12.4389267
2.0308453 1.4528199 12.4389267
2.9995839 4.2916663 12.4389267
5.0304292 1.4528199 12.4389267
4.0420635 2.8916143 14.6815754
0.0737526 0.0527522 14.6815795
1.0270553 2.8805581 14.9043385
3.0579217 0.0417354 14.9043431

Crystal Axes: 
5.999168 0.000000 0.000000
1.937477 5.677693 0.000000
0.000000 0.000000 24.877853
