Order: 
['Rh', 'Rh', 'Cd', 'Cd', 'Rh', 'Rh', 'Cd', 'Cd', 'Rh', 'Rh', 'Cd', 'Cd'] 
Coordinates: 
0.0000000 0.0000000 10.0000000
3.7613663 2.6596882 10.0000000
2.8210251 0.0000000 10.0000000
0.9403412 2.6596882 10.0000000
5.6420503 3.9895329 12.3033572
1.8806840 1.3298447 12.3033572
2.8210251 3.9895329 12.3033572
4.7017091 1.3298447 12.3033572
3.7614025 2.6597042 14.4946392
7.5226993 5.3193650 14.4946348
0.9403573 2.6596502 14.7277149
2.8210131 0.0000472 14.7277386

Crystal Axes: 
5.642050 0.000000 0.000000
1.880682 5.319376 0.000000
0.000000 0.000000 24.606714
