Order: 
['Rh', 'Rh', 'Pd', 'Pd', 'Rh', 'Rh', 'Pd', 'Pd', 'Rh', 'Rh', 'Pd', 'Pd'] 
Coordinates: 
0.0000000 0.0000000 10.0000000
4.1417174 2.4028085 10.0000000
2.7678508 0.0000000 10.0000000
1.3738666 2.4028085 10.0000000
5.5357016 3.2115254 12.2626236
1.3939842 0.8087169 12.2626236
2.7678508 3.2115254 12.2626236
4.1618350 0.8087169 12.2626236
2.7116040 1.5731345 14.4409824
6.8532934 3.9759213 14.4408137
5.5040885 1.5873885 14.5738455
4.1100822 3.9902469 14.5738413

Crystal Axes: 
5.535702 0.000000 0.000000
2.747733 4.805617 0.000000
0.000000 0.000000 24.525247
