Order: 
['Rh', 'Rh', 'Os', 'Os', 'Rh', 'Rh', 'Os', 'Os', 'Rh', 'Rh', 'Os', 'Os'] 
Coordinates: 
0.0000000 0.0000000 10.0000000
2.6990959 0.0000000 10.0000000
1.3495479 2.3788047 10.0000000
-1.3495479 2.3788047 10.0000000
2.6990959 1.5312562 12.2226950
-0.0000000 1.5312562 12.2226950
-1.3495479 3.9100608 12.2226950
1.3495479 3.9100608 12.2226950
-0.0000006 3.1249606 14.3772730
2.6990971 3.1249584 14.3772746
4.0486448 0.6549519 14.3615618
1.3495463 0.6549539 14.3615664

Crystal Axes: 
5.398192 0.000000 0.000000
-2.699096 4.757609 0.000000
0.000000 0.000000 24.445390
