Order: 
['Rh', 'Rh', 'Pt', 'Pt', 'Rh', 'Rh', 'Pt', 'Pt', 'Rh', 'Rh', 'Pt', 'Pt'] 
Coordinates: 
0.0000000 0.0000000 10.0000000
4.1549071 2.4023987 10.0000000
2.7719961 0.0000000 10.0000000
1.3829110 2.4023987 10.0000000
5.5439921 3.2055782 12.2641603
1.3890851 0.8031795 12.2641603
2.7719961 3.2055782 12.2641603
4.1610811 0.8031795 12.2641603
2.7720419 1.6028157 14.4871917
6.9269330 4.0052042 14.4871822
5.5640985 1.6144023 14.5357495
4.1750030 4.0168208 14.5357498

Crystal Axes: 
5.543992 0.000000 0.000000
2.765822 4.804797 0.000000
0.000000 0.000000 24.528321
