Order: 
['Ru', 'Ru', 'Pd', 'Pd', 'Ru', 'Ru', 'Pd', 'Pd', 'Ru', 'Ru', 'Pd', 'Pd'] 
Coordinates: 
0.0000000 0.0000000 10.0000000
2.7243415 0.0000000 10.0000000
1.3621707 2.4123530 10.0000000
-1.3621707 2.4123530 10.0000000
2.7243415 1.5383396 12.2484545
-0.0000000 1.5383396 12.2484545
-1.3621707 3.9506926 12.2484545
1.3621707 3.9506926 12.2484545
0.0000027 2.9470414 14.3560882
2.7243418 2.9474236 14.3565466
4.0864532 0.6086201 14.5373767
1.3622299 0.6086175 14.5373783

Crystal Axes: 
5.448683 0.000000 0.000000
-2.724341 4.824706 0.000000
0.000000 0.000000 24.496909
