Order: 
['Ru', 'Ru', 'Os', 'Os', 'Ru', 'Ru', 'Os', 'Os', 'Ru', 'Ru', 'Os', 'Os'] 
Coordinates: 
0.0000000 0.0000000 10.0000000
2.7128667 0.0000000 10.0000000
1.3564333 2.3528104 10.0000000
-1.3564333 2.3528104 10.0000000
2.7128667 1.5640116 12.2166446
-0.0000000 1.5640116 12.2166446
-1.3564333 3.9168221 12.2166446
1.3564333 3.9168221 12.2166446
-0.0000005 3.1466236 14.3399804
2.7128660 3.1466250 14.3399803
4.0692975 0.7587100 14.3300035
1.3564276 0.7587075 14.3300050

Crystal Axes: 
5.425733 0.000000 0.000000
-2.712867 4.705621 0.000000
0.000000 0.000000 24.433289
