Order: 
['Ru', 'Ru', 'Ag', 'Ag', 'Ru', 'Ru', 'Ag', 'Ag', 'Ru', 'Ru', 'Ag', 'Ag'] 
Coordinates: 
0.0000000 0.0000000 10.0000000
2.6666930 0.0000000 10.0000000
1.3333465 2.6291313 10.0000000
-1.3333465 2.6291313 10.0000000
2.6666930 1.3523957 12.2983206
-0.0000000 1.3523957 12.2983206
-1.3333465 3.9815270 12.2983206
1.3333465 3.9815270 12.2983206
-0.0000719 2.2558345 14.4115061
2.6666204 2.2558283 14.4114769
1.3330281 4.9642737 14.9022461
-1.3334494 4.9642743 14.9022451

Crystal Axes: 
5.333386 0.000000 0.000000
-2.666693 5.258263 0.000000
0.000000 0.000000 24.596641
