Order: 
['Ru', 'Ru', 'Re', 'Re', 'Ru', 'Ru', 'Re', 'Re', 'Ru', 'Ru', 'Re', 'Re'] 
Coordinates: 
0.0000000 0.0000000 10.0000000
2.7309863 0.0000000 10.0000000
1.3654931 2.3651111 10.0000000
4.0964794 2.3651111 10.0000000
2.7309863 1.5767306 12.2298445
-0.0000000 1.5767306 12.2298445
-1.3654931 3.9418417 12.2298445
1.3654931 3.9418417 12.2298445
-0.0000047 3.1721029 14.3849050
2.7309851 3.1721021 14.3849093
4.0964783 0.7854166 14.3349865
1.3654957 0.7854208 14.3349877

Crystal Axes: 
5.461973 0.000000 0.000000
-2.730986 4.730222 0.000000
0.000000 0.000000 24.459689
