Order: 
['Ru', 'Ru', 'Ta', 'Ta', 'Ru', 'Ru', 'Ta', 'Ta', 'Ru', 'Ru', 'Ta', 'Ta'] 
Coordinates: 
0.0000000 0.0000000 10.0000000
3.8240662 2.5458207 10.0000000
2.7594561 0.0000000 10.0000000
1.0646101 2.5458207 10.0000000
5.5189121 3.6741416 12.2821251
1.6948459 1.1283209 12.2821251
2.7594561 3.6741416 12.2821251
4.4543020 1.1283209 12.2821251
3.6267156 2.4144356 14.3738670
7.4507824 4.9602589 14.3738656
6.3816326 2.4114143 14.5475929
4.6867883 4.9572371 14.5475933

Crystal Axes: 
5.518912 0.000000 0.000000
2.129220 5.091641 0.000000
0.000000 0.000000 24.564250
