Order: 
['Ru', 'Ru', 'Hf', 'Hf', 'Ru', 'Ru', 'Hf', 'Hf', 'Ru', 'Ru', 'Hf', 'Hf'] 
Coordinates: 
0.0000000 0.0000000 10.0000000
3.6857273 2.6515200 10.0000000
2.7966182 0.0000000 10.0000000
0.8891091 2.6515200 10.0000000
5.5932364 4.0237862 12.2687979
1.9075092 1.3722661 12.2687979
2.7966182 4.0237862 12.2687979
4.7041274 1.3722661 12.2687979
3.7568831 2.7027104 14.4246782
0.0711555 0.0511872 14.4246699
0.9539751 2.6981850 14.5863432
2.8614878 0.0466667 14.5863462

Crystal Axes: 
5.593236 0.000000 0.000000
1.778218 5.303040 0.000000
0.000000 0.000000 24.537596
