Order: 
['Ru', 'Ru', 'Au', 'Au', 'Ru', 'Ru', 'Au', 'Au', 'Ru', 'Ru', 'Au', 'Au'] 
Coordinates: 
0.0000000 0.0000000 10.0000000
2.7850719 0.0000000 10.0000000
1.3925359 2.4896899 10.0000000
-1.3925359 2.4896899 10.0000000
2.7850719 1.5577493 12.3086885
-0.0000000 1.5577493 12.3086885
-1.3925359 4.0474392 12.3086885
1.3925359 4.0474392 12.3086885
0.0000374 0.7227463 14.4379532
2.7850716 0.7226225 14.4379986
1.3925952 3.1501507 14.9887392
-1.3925325 3.1501201 14.9887439

Crystal Axes: 
5.570144 0.000000 0.000000
-2.785072 4.979380 0.000000
0.000000 0.000000 24.617377
