Order: 
['Ru', 'Ru', 'Y', 'Y', 'Ru', 'Ru', 'Y', 'Y', 'Ru', 'Ru', 'Y', 'Y'] 
Coordinates: 
0.0000000 0.0000000 10.0000000
3.9416221 2.7902388 10.0000000
2.9584035 0.0000000 10.0000000
0.9832186 2.7902388 10.0000000
5.9168071 4.1884545 12.4146275
1.9751849 1.3982156 12.4146275
2.9584035 4.1884545 12.4146275
4.9335885 1.3982156 12.4146275
3.9503637 2.7964301 14.6878976
0.0087642 0.0061940 14.6879352
0.9888587 2.7942262 14.8649064
2.9640451 0.0039946 14.8649150

Crystal Axes: 
5.916807 0.000000 0.000000
1.966437 5.580478 0.000000
0.000000 0.000000 24.829255
