Order: 
['Ru', 'Ru', 'Ir', 'Ir', 'Ru', 'Ru', 'Ir', 'Ir', 'Ru', 'Ru', 'Ir', 'Ir'] 
Coordinates: 
0.0000000 0.0000000 10.0000000
2.7181156 0.0000000 10.0000000
1.3590578 2.3590344 10.0000000
-1.3590578 2.3590344 10.0000000
2.7181156 1.5659272 12.2217165
0.0000000 1.5659272 12.2217165
-1.3590578 3.9249616 12.2217165
1.3590578 3.9249616 12.2217165
-0.0000004 3.1137769 14.3740738
2.7181163 3.1137726 14.3740693
4.0771712 0.7970495 14.3578939
1.3590611 0.7970500 14.3578933

Crystal Axes: 
5.436231 0.000000 0.000000
-2.718116 4.718069 0.000000
0.000000 0.000000 24.443433
