Order: 
['Ru', 'Ru', 'Cd', 'Cd', 'Ru', 'Ru', 'Cd', 'Cd', 'Ru', 'Ru', 'Cd', 'Cd'] 
Coordinates: 
0.0000000 0.0000000 10.0000000
2.8392624 0.0000000 10.0000000
1.4196312 2.5624231 10.0000000
-1.4196312 2.5624231 10.0000000
2.8392624 1.5730054 12.3636973
-0.0000000 1.5730054 12.3636973
-1.4196312 4.1354285 12.3636973
1.4196312 4.1354285 12.3636973
-0.0000131 2.5271498 14.4536012
2.8392676 2.5271345 14.4536082
4.2588960 0.0575378 15.1296681
1.4196297 0.0575616 15.1296656

Crystal Axes: 
5.678525 0.000000 0.000000
-2.839262 5.124846 0.000000
0.000000 0.000000 24.727395
