Order: 
['Ru', 'Ru', 'Pt', 'Pt', 'Ru', 'Ru', 'Pt', 'Pt', 'Ru', 'Ru', 'Pt', 'Pt'] 
Coordinates: 
0.0000000 0.0000000 10.0000000
2.7465149 0.0000000 10.0000000
1.3732575 2.3966344 10.0000000
-1.3732575 2.3966344 10.0000000
2.7465149 1.5737369 12.2509323
-0.0000000 1.5737369 12.2509323
-1.3732575 3.9703714 12.2509323
1.3732575 3.9703714 12.2509323
0.0000009 3.1210365 14.4179605
2.7465145 3.1210320 14.4180104
4.1197762 0.7931768 14.5005312
1.3732536 0.7931768 14.5005312

Crystal Axes: 
5.493030 0.000000 0.000000
-2.746515 4.793269 0.000000
0.000000 0.000000 24.501865
