Order: 
['Ru', 'Ru', 'Rh', 'Rh', 'Ru', 'Ru', 'Rh', 'Rh', 'Ru', 'Ru', 'Rh', 'Rh'] 
Coordinates: 
0.0000000 0.0000000 10.0000000
2.6990876 0.0000000 10.0000000
1.3495438 2.3598384 10.0000000
-1.3495438 2.3598384 10.0000000
2.6990876 1.5435535 12.2141626
0.0000000 1.5435535 12.2141626
-1.3495438 3.9033919 12.2141626
1.3495438 3.9033919 12.2141626
0.0000006 3.0630830 14.3440244
2.6990873 3.0630970 14.3440869
4.0486304 0.7650535 14.3565318
1.3495453 0.7650535 14.3565308

Crystal Axes: 
5.398175 0.000000 0.000000
-2.699088 4.719677 0.000000
0.000000 0.000000 24.428325
