Order: 
['Ru', 'Ru', 'Hg', 'Hg', 'Ru', 'Ru', 'Hg', 'Hg', 'Ru', 'Ru', 'Hg', 'Hg'] 
Coordinates: 
0.0000000 0.0000000 10.0000000
4.2284644 2.5588633 10.0000000
2.8884827 0.0000000 10.0000000
1.3399817 2.5588633 10.0000000
5.7769654 3.4959416 12.3811060
1.5485010 0.9370783 12.3811060
2.8884827 3.4959416 12.3811060
4.4369837 0.9370783 12.3811060
2.2247098 1.3462877 14.4967025
6.4531880 3.9051428 14.4965498
5.1822393 1.3880329 15.3025630
3.6337247 3.9469412 15.3025799

Crystal Axes: 
5.776965 0.000000 0.000000
2.679963 5.117727 0.000000
0.000000 0.000000 24.762212
