Order: 
['Ru', 'Ru', 'W', 'W', 'Ru', 'Ru', 'W', 'W', 'Ru', 'Ru', 'W', 'W'] 
Coordinates: 
0.0000000 0.0000000 10.0000000
4.0956381 2.4124053 10.0000000
2.7582944 0.0000000 10.0000000
1.3373437 2.4124053 10.0000000
5.5165887 3.2493711 12.2625622
1.4209506 0.8369658 12.2625622
2.7582944 3.2493711 12.2625622
4.1792450 0.8369658 12.2625622
2.8267228 1.6649918 14.4629572
6.9223615 4.0773954 14.4629568
5.5863465 1.6657743 14.3899551
4.1653948 4.0781791 14.3899543

Crystal Axes: 
5.516589 0.000000 0.000000
2.674687 4.824811 0.000000
0.000000 0.000000 24.525124
