Order: 
['Sc', 'Sc', 'Cd', 'Cd', 'Sc', 'Sc', 'Cd', 'Cd', 'Sc', 'Sc', 'Cd', 'Cd'] 
Coordinates: 
0.0000000 0.0000000 10.0000000
4.1065656 2.9065473 10.0000000
3.0818817 0.0000000 10.0000000
1.0246839 2.9065473 10.0000000
6.1637633 4.3625919 12.5155420
2.0571977 1.4560446 12.5155420
3.0818817 4.3625919 12.5155420
5.1390794 1.4560446 12.5155420
4.1138510 2.9117259 14.9859261
0.0072937 0.0051472 14.9859753
1.0323896 2.9120047 15.0583669
3.0895602 0.0054171 15.0583981

Crystal Axes: 
6.163763 0.000000 0.000000
2.049368 5.813095 0.000000
0.000000 0.000000 25.031084
