Order: 
['Sc', 'Sc', 'Zr', 'Zr', 'Sc', 'Sc', 'Zr', 'Zr', 'Sc', 'Sc', 'Zr', 'Zr'] 
Coordinates: 
0.0000000 0.0000000 10.0000000
3.1942809 0.0000000 10.0000000
1.5971404 2.7943711 10.0000000
-1.5971404 2.7943711 10.0000000
3.1942809 1.8257114 12.6211082
0.0000000 1.8257114 12.6211082
-1.5971404 4.6200825 12.6211082
1.5971404 4.6200825 12.6211082
-0.0000034 3.6548078 15.2161083
3.1942916 3.6547443 15.2160466
4.7914522 0.8399397 15.0761942
1.5971099 0.8399556 15.0761990

Crystal Axes: 
6.388562 0.000000 0.000000
-3.194281 5.588742 0.000000
0.000000 0.000000 25.242216
