Order: 
['Sc', 'Sc', 'Hf', 'Hf', 'Sc', 'Sc', 'Hf', 'Hf', 'Sc', 'Sc', 'Hf', 'Hf'] 
Coordinates: 
0.0000000 0.0000000 10.0000000
3.1607846 0.0000000 10.0000000
1.5803923 2.7794608 10.0000000
-1.5803923 2.7794608 10.0000000
3.1607846 1.7972117 12.6001133
-0.0000000 1.7972117 12.6001133
-1.5803923 4.5766725 12.6001133
1.5803923 4.5766725 12.6001133
0.0000079 3.6100791 15.1920958
3.1607734 3.6097393 15.1921793
4.7415035 0.7939968 15.0341800
1.5800697 0.7939864 15.0341758

Crystal Axes: 
6.321569 0.000000 0.000000
-3.160785 5.558922 0.000000
0.000000 0.000000 25.200227
