Order: 
['Sc', 'Sc', 'Ti', 'Ti', 'Sc', 'Sc', 'Ti', 'Ti', 'Sc', 'Sc', 'Ti', 'Ti'] 
Coordinates: 
0.0000000 0.0000000 10.0000000
3.0452296 0.0000000 10.0000000
1.5226148 2.6746446 10.0000000
-1.5226148 2.6746446 10.0000000
3.0452296 1.7335805 12.5036218
0.0000000 1.7335805 12.5036218
-1.5226148 4.4082251 12.5036218
1.5226148 4.4082251 12.5036218
0.0001510 3.4611295 15.0141103
3.0450785 3.4611096 15.0140987
4.5678392 0.7100173 14.7696167
1.5226205 0.7100673 14.7696856

Crystal Axes: 
6.090459 0.000000 0.000000
-3.045230 5.349289 0.000000
0.000000 0.000000 25.007244
