Order: 
['Sc', 'Sc', 'Cu', 'Cu', 'Sc', 'Sc', 'Cu', 'Cu', 'Sc', 'Sc', 'Cu', 'Cu'] 
Coordinates: 
0.0000000 0.0000000 10.0000000
3.7860195 2.6621401 10.0000000
2.8289519 0.0000000 10.0000000
0.9570677 2.6621401 10.0000000
5.6579037 3.9783558 12.3139936
1.8718842 1.3162156 12.3139936
2.8289519 3.9783558 12.3139936
4.7008361 1.3162156 12.3139936
3.7508771 2.6374261 14.6277014
7.5369120 5.2995811 14.6277043
6.5777044 2.6359576 14.4553799
4.7058485 5.2980818 14.4553777

Crystal Axes: 
5.657904 0.000000 0.000000
1.914135 5.324280 0.000000
0.000000 0.000000 24.627987
