Order: 
['Sc', 'Sc', 'V', 'V', 'Sc', 'Sc', 'V', 'V', 'Sc', 'Sc', 'V', 'V'] 
Coordinates: 
0.0000000 0.0000000 10.0000000
2.7868328 0.0000000 10.0000000
1.3934164 2.6822890 10.0000000
-1.3934164 2.6822890 10.0000000
2.7868328 1.4477256 12.3812869
-0.0000000 1.4477256 12.3812869
-1.3934164 4.1300146 12.3812869
1.3934164 4.1300146 12.3812869
0.0000959 2.9559023 14.8760745
2.7867332 2.9559129 14.8760701
4.1802443 0.0430289 14.4180347
1.3934165 0.0431552 14.4181939

Crystal Axes: 
5.573666 0.000000 0.000000
-2.786833 5.364578 0.000000
0.000000 0.000000 24.762574
