Order: 
['Sc', 'Sc', 'Re', 'Re', 'Sc', 'Sc', 'Re', 'Re', 'Sc', 'Sc', 'Re', 'Re'] 
Coordinates: 
0.0000000 0.0000000 10.0000000
2.7440843 0.0000000 10.0000000
1.3720422 2.6821188 10.0000000
-1.3720422 2.6821188 10.0000000
2.7440843 1.4037407 12.3578615
0.0000000 1.4037407 12.3578615
-1.3720422 4.0858595 12.3578615
1.3720422 4.0858595 12.3578615
0.0000990 2.8902147 14.9056767
2.7441872 2.8902190 14.9056662
4.1162037 0.0566282 14.4475921
1.3721112 0.0566217 14.4475953

Crystal Axes: 
5.488169 0.000000 0.000000
-2.744084 5.364238 0.000000
0.000000 0.000000 24.715723
