Order: 
['Sc', 'Sc', 'Cr', 'Cr', 'Sc', 'Sc', 'Cr', 'Cr', 'Sc', 'Sc', 'Cr', 'Cr'] 
Coordinates: 
0.0000000 0.0000000 10.0000000
2.7220670 0.0000000 10.0000000
1.3610335 2.6052512 10.0000000
-1.3610335 2.6052512 10.0000000
2.7220670 1.4220603 12.3210758
0.0000000 1.4220603 12.3210758
-1.3610335 4.0273115 12.3210758
1.3610335 4.0273115 12.3210758
-0.0003648 2.8137876 14.8222643
2.7218064 2.8138110 14.8222995
1.3610397 5.1249293 14.2053546
-1.3611281 5.1251032 14.2055415

Crystal Axes: 
5.444134 0.000000 0.000000
-2.722067 5.210502 0.000000
0.000000 0.000000 24.642152
