Order: 
['Sc', 'Sc', 'Au', 'Au', 'Sc', 'Sc', 'Au', 'Au', 'Sc', 'Sc', 'Au', 'Au'] 
Coordinates: 
0.0000000 0.0000000 10.0000000
3.9190143 2.8298443 10.0000000
2.9811950 0.0000000 10.0000000
0.9378192 2.8298443 10.0000000
5.9623901 4.3053264 12.4147405
2.0433758 1.4754821 12.4147405
2.9811950 4.3053264 12.4147405
5.0245708 1.4754821 12.4147405
4.0180246 2.9013821 14.7776285
0.0990566 0.0714974 14.7776218
1.0410555 2.9044243 14.6550375
3.0844654 0.0745931 14.6550761

Crystal Axes: 
5.962390 0.000000 0.000000
1.875638 5.659689 0.000000
0.000000 0.000000 24.829481
