Order: 
['Sc', 'Sc', 'Pd', 'Pd', 'Sc', 'Sc', 'Pd', 'Pd', 'Sc', 'Sc', 'Pd', 'Pd'] 
Coordinates: 
0.0000000 0.0000000 10.0000000
3.8505913 2.7128398 10.0000000
2.8809281 0.0000000 10.0000000
0.9696633 2.7128398 10.0000000
5.7618561 4.0593745 12.3550677
1.9112648 1.3465348 12.3550677
2.8809281 4.0593745 12.3550677
4.7921928 1.3465348 12.3550677
3.8283331 2.6971745 14.7046722
7.6789317 5.4099920 14.7046692
6.7085222 2.6966433 14.5105664
4.7972477 5.4094663 14.5105513

Crystal Axes: 
5.761856 0.000000 0.000000
1.939327 5.425680 0.000000
0.000000 0.000000 24.710135
