Order: 
['Sc', 'Sc', 'Mo', 'Mo', 'Sc', 'Sc', 'Mo', 'Mo', 'Sc', 'Sc', 'Mo', 'Mo'] 
Coordinates: 
0.0000000 0.0000000 10.0000000
2.7985146 0.0000000 10.0000000
1.3992573 2.7334041 10.0000000
-1.3992573 2.7334041 10.0000000
2.7985146 1.4325881 12.4040332
0.0000000 1.4325881 12.4040332
-1.3992573 4.1659922 12.4040332
1.3992573 4.1659922 12.4040332
0.0000062 2.9526305 14.9625113
2.7985051 2.9526282 14.9625072
4.1977728 0.0494052 14.5275462
1.3992573 0.0494048 14.5275604

Crystal Axes: 
5.597029 0.000000 0.000000
-2.798515 5.466808 0.000000
0.000000 0.000000 24.808066
