Order: 
['Sc', 'Sc', 'Os', 'Os', 'Sc', 'Sc', 'Os', 'Os', 'Sc', 'Sc', 'Os', 'Os'] 
Coordinates: 
0.0000000 0.0000000 10.0000000
3.7134240 2.6338109 10.0000000
2.7907502 0.0000000 10.0000000
0.9226738 2.6338109 10.0000000
5.5815004 3.9587767 12.2762744
1.8680764 1.3249659 12.2762744
2.7907502 3.9587767 12.2762744
4.6588266 1.3249659 12.2762744
3.7320474 2.6470200 14.5683861
0.0186314 0.0132141 14.5683878
0.9464229 2.6506602 14.4643016
2.8145101 0.0168366 14.4643189

Crystal Axes: 
5.581500 0.000000 0.000000
1.845348 5.267622 0.000000
0.000000 0.000000 24.552549
