Order: 
['Sc', 'Sc', 'Nb', 'Nb', 'Sc', 'Sc', 'Nb', 'Nb', 'Sc', 'Sc', 'Nb', 'Nb'] 
Coordinates: 
0.0000000 0.0000000 10.0000000
2.9087516 0.0000000 10.0000000
1.4543758 2.8072535 10.0000000
-1.4543758 2.8072535 10.0000000
2.9087516 1.5069598 12.4879527
0.0000000 1.5069598 12.4879527
-1.4543758 4.3142133 12.4879527
1.4543758 4.3142133 12.4879527
-0.0000416 3.0891361 15.0438628
2.9087155 3.0891612 15.0438954
4.3631058 0.1347033 14.7335204
1.4543725 0.1347024 14.7335226

Crystal Axes: 
5.817503 0.000000 0.000000
-2.908752 5.614507 0.000000
0.000000 0.000000 24.975905
