Order: 
['Sc', 'Sc', 'Ir', 'Ir', 'Sc', 'Sc', 'Ir', 'Ir', 'Sc', 'Sc', 'Ir', 'Ir'] 
Coordinates: 
0.0000000 0.0000000 10.0000000
3.6822999 2.6457127 10.0000000
2.7916151 0.0000000 10.0000000
0.8906848 2.6457127 10.0000000
5.5832303 4.0115209 12.2659134
1.9009303 1.3658082 12.2659134
2.7916151 4.0115209 12.2659134
4.6925455 1.3658082 12.2659134
3.7477350 2.6927256 14.6318606
0.0654432 0.0470139 14.6318623
0.9569067 2.6932805 14.4305839
2.8578413 0.0475835 14.4305864

Crystal Axes: 
5.583230 0.000000 0.000000
1.781370 5.291425 0.000000
0.000000 0.000000 24.531827
