Order: 
['Sc', 'Sc', 'Ta', 'Ta', 'Sc', 'Sc', 'Ta', 'Ta', 'Sc', 'Sc', 'Ta', 'Ta'] 
Coordinates: 
0.0000000 0.0000000 10.0000000
2.8725191 0.0000000 10.0000000
1.4362595 2.8556149 10.0000000
-1.4362595 2.8556149 10.0000000
2.8725191 1.4447617 12.4827464
0.0000000 1.4447617 12.4827464
-1.4362595 4.3003765 12.4827464
1.4362595 4.3003765 12.4827464
-0.0000994 3.1037620 14.9904022
2.8723909 3.1037811 14.9903996
4.3087859 0.1132187 14.7474590
1.4363330 0.1132057 14.7474532

Crystal Axes: 
5.745038 0.000000 0.000000
-2.872519 5.711230 0.000000
0.000000 0.000000 24.965493
