Order: 
['Sc', 'Sc', 'Hg', 'Hg', 'Sc', 'Sc', 'Hg', 'Hg', 'Sc', 'Sc', 'Hg', 'Hg'] 
Coordinates: 
0.0000000 0.0000000 10.0000000
4.0994289 2.8977527 10.0000000
3.0738779 0.0000000 10.0000000
1.0255510 2.8977527 10.0000000
6.1477558 4.3456483 12.5100934
2.0483269 1.4478956 12.5100934
3.0738779 4.3456483 12.5100934
5.1222049 1.4478956 12.5100934
4.0968443 2.8959150 14.9729275
8.1962881 5.7937017 14.9729122
7.1706977 2.8958581 15.0691755
5.1223542 5.7936743 15.0691738

Crystal Axes: 
6.147756 0.000000 0.000000
2.051102 5.795505 0.000000
0.000000 0.000000 25.020187
