Order: 
['Sc', 'Sc', 'Rh', 'Rh', 'Sc', 'Sc', 'Rh', 'Rh', 'Sc', 'Sc', 'Rh', 'Rh'] 
Coordinates: 
0.0000000 0.0000000 10.0000000
3.7404145 2.6418180 10.0000000
2.8031523 0.0000000 10.0000000
0.9372622 2.6418180 10.0000000
5.6063046 3.9596779 12.2896392
1.8658901 1.3178598 12.2896392
2.8031523 3.9596779 12.2896392
4.6690424 1.3178598 12.2896392
3.7335535 2.6369289 14.6301085
7.4739189 5.2787981 14.6301056
6.5359664 2.6364430 14.4446095
4.6700920 5.2782861 14.4446108

Crystal Axes: 
5.606305 0.000000 0.000000
1.874524 5.283636 0.000000
0.000000 0.000000 24.579278
