Order: 
['Sc', 'Sc', 'Ag', 'Ag', 'Sc', 'Sc', 'Ag', 'Ag', 'Sc', 'Sc', 'Ag', 'Ag'] 
Coordinates: 
0.0000000 0.0000000 10.0000000
4.0067928 2.8193536 10.0000000
2.9953063 0.0000000 10.0000000
1.0114865 2.8193536 10.0000000
5.9906126 4.2152554 12.4495332
1.9838198 1.3959018 12.4495332
2.9953063 4.2152554 12.4495332
4.9791260 1.3959018 12.4495332
3.9722202 2.7950237 14.8662019
7.9790258 5.6143895 14.8662550
6.9636513 2.7922875 14.7878108
4.9798133 5.6116627 14.7877811

Crystal Axes: 
5.990613 0.000000 0.000000
2.022973 5.638707 0.000000
0.000000 0.000000 24.899066
