Order: 
['Sc', 'Sc', 'Zn', 'Zn', 'Sc', 'Sc', 'Zn', 'Zn', 'Sc', 'Sc', 'Zn', 'Zn'] 
Coordinates: 
0.0000000 0.0000000 10.0000000
3.8729949 2.7400339 10.0000000
2.9057455 0.0000000 10.0000000
0.9672494 2.7400339 10.0000000
5.8114910 4.1114648 12.3721220
1.9384961 1.3714310 12.3721220
2.9057455 4.1114648 12.3721220
4.8442417 1.3714310 12.3721220
3.8761792 2.7422806 14.7156059
0.0031762 0.0022405 14.7155928
0.9710925 2.7427637 14.7169976
2.9095600 0.0027076 14.7169700

Crystal Axes: 
5.811491 0.000000 0.000000
1.934499 5.480068 0.000000
0.000000 0.000000 24.744244
