Order: 
['Sc', 'Sc', 'Y', 'Y', 'Sc', 'Sc', 'Y', 'Y', 'Sc', 'Sc', 'Y', 'Y'] 
Coordinates: 
0.0000000 0.0000000 10.0000000
4.9828303 2.9925411 10.0000000
3.3900312 0.0000000 10.0000000
1.5927992 2.9925411 10.0000000
6.7800623 4.0719056 12.7911063
1.7972320 1.0793646 12.7911063
3.3900312 4.0719056 12.7911063
5.1872631 1.0793646 12.7911063
3.5632711 2.1399892 15.4364506
8.5460788 5.1325240 15.4363958
6.9770921 2.1542865 15.5504188
5.1798647 5.1468191 15.5504302

Crystal Axes: 
6.780062 0.000000 0.000000
3.185598 5.985082 0.000000
0.000000 0.000000 25.582213
