Order: 
['Sc', 'Sc', 'Tc', 'Tc', 'Sc', 'Sc', 'Tc', 'Tc', 'Sc', 'Sc', 'Tc', 'Tc'] 
Coordinates: 
0.0000000 0.0000000 10.0000000
3.6859617 2.6519672 10.0000000
2.7969965 0.0000000 10.0000000
0.8889652 2.6519672 10.0000000
5.5939930 4.0247532 12.2690061
1.9080313 1.3727859 12.2690061
2.7969965 4.0247532 12.2690061
4.7050277 1.3727859 12.2690061
3.7506261 2.6986118 14.5711078
0.0647729 0.0464846 14.5711166
0.9580628 2.7016754 14.4681622
2.8661577 0.0497675 14.4682717

Crystal Axes: 
5.593993 0.000000 0.000000
1.777930 5.303934 0.000000
0.000000 0.000000 24.538012
