Order: 
['Sc', 'Sc', 'La', 'La', 'Sc', 'Sc', 'La', 'La', 'Sc', 'Sc', 'La', 'La'] 
Coordinates: 
0.0000000 0.0000000 10.0000000
4.9049230 3.1112514 10.0000000
3.4392135 0.0000000 10.0000000
1.4657095 3.1112514 10.0000000
6.8784270 4.3630686 12.8483046
1.9735040 1.2518172 12.8483046
3.4392135 4.3630686 12.8483046
5.4127175 1.2518172 12.8483046
3.7701787 2.3914914 15.5102572
8.6752169 5.5026919 15.5102341
7.2238238 2.4006863 15.7749380
5.2503967 5.5118757 15.7749990

Crystal Axes: 
6.878427 0.000000 0.000000
2.931419 6.222503 0.000000
0.000000 0.000000 25.696609
