Order: 
['Sc', 'Sc', 'Ru', 'Ru', 'Sc', 'Sc', 'Ru', 'Ru', 'Sc', 'Sc', 'Ru', 'Ru'] 
Coordinates: 
0.0000000 0.0000000 10.0000000
3.7057080 2.6280773 10.0000000
2.7847664 0.0000000 10.0000000
0.9209416 2.6280773 10.0000000
5.5695328 3.9498964 12.2714719
1.8638248 1.3218191 12.2714719
2.7847664 3.9498964 12.2714719
4.6485912 1.3218191 12.2714719
3.7213126 2.6391437 14.5276606
0.0156146 0.0110699 14.5276635
0.9399342 2.6415449 14.4618443
2.8037570 0.0134684 14.4618485

Crystal Axes: 
5.569533 0.000000 0.000000
1.841883 5.256155 0.000000
0.000000 0.000000 24.542944
