Order: 
['Sc', 'Sc', 'W', 'W', 'Sc', 'Sc', 'W', 'W', 'Sc', 'Sc', 'W', 'W'] 
Coordinates: 
0.0000000 0.0000000 10.0000000
2.7841259 0.0000000 10.0000000
1.3920630 2.7536481 10.0000000
-1.3920630 2.7536481 10.0000000
2.7841259 1.4074705 12.4021623
0.0000000 1.4074705 12.4021623
-1.3920630 4.1611186 12.4021623
1.3920630 4.1611186 12.4021623
0.0000030 2.9083377 14.9500631
2.7841278 2.9083313 14.9500424
4.1761872 0.0266378 14.5758848
1.3920637 0.0266378 14.5758946

Crystal Axes: 
5.568252 0.000000 0.000000
-2.784126 5.507296 0.000000
0.000000 0.000000 24.804325
