Order: 
['Sc', 'Sc', 'Pt', 'Pt', 'Sc', 'Sc', 'Pt', 'Pt', 'Sc', 'Sc', 'Pt', 'Pt'] 
Coordinates: 
0.0000000 0.0000000 10.0000000
3.8354237 2.6978497 10.0000000
2.8665500 0.0000000 10.0000000
0.9688736 2.6978497 10.0000000
5.7331001 4.0326816 12.3444865
1.8976764 1.3348319 12.3444865
2.8665500 4.0326816 12.3444865
4.7642265 1.3348319 12.3444865
3.8047961 2.6763029 14.6918402
7.6402186 5.3741575 14.6918438
6.6717344 2.6765768 14.4871671
4.7740517 5.3744236 14.4871641

Crystal Axes: 
5.733100 0.000000 0.000000
1.937747 5.395699 0.000000
0.000000 0.000000 24.688973
