Order: 
['Ta', 'Ta', 'Au', 'Au', 'Ta', 'Ta', 'Au', 'Au', 'Ta', 'Ta', 'Au', 'Au'] 
Coordinates: 
0.0000000 0.0000000 10.0000000
2.9151193 0.0000000 10.0000000
1.4575596 2.5507016 10.0000000
-1.4575596 2.5507016 10.0000000
2.9151193 1.6658006 12.3922853
0.0000000 1.6658006 12.3922853
-1.4575596 4.2165022 12.3922853
1.4575596 4.2165022 12.3922853
-0.0000019 3.2924413 14.6502967
2.9151196 3.2924453 14.6502980
4.3726779 0.8001847 14.8362233
1.4575606 0.8001845 14.8362171

Crystal Axes: 
5.830239 0.000000 0.000000
-2.915119 5.101403 0.000000
0.000000 0.000000 24.784571
