Order: 
['Ta', 'Ta', 'Pt', 'Pt', 'Ta', 'Ta', 'Pt', 'Pt', 'Ta', 'Ta', 'Pt', 'Pt'] 
Coordinates: 
0.0000000 0.0000000 10.0000000
2.8304164 0.0000000 10.0000000
1.4152082 2.4995654 10.0000000
-1.4152082 2.4995654 10.0000000
2.8304164 1.6025300 12.3330569
0.0000000 1.6025300 12.3330569
-1.4152082 4.1020954 12.3330569
1.4152082 4.1020954 12.3330569
0.0000048 3.3130380 14.5782830
2.8304108 3.3130368 14.5782822
4.2456208 0.8876613 14.6349631
1.4152113 0.8876621 14.6349626

Crystal Axes: 
5.660833 0.000000 0.000000
-2.830416 4.999131 0.000000
0.000000 0.000000 24.666114
