Order: 
['Ta', 'Ta', 'Re', 'Re', 'Ta', 'Ta', 'Re', 'Re', 'Ta', 'Ta', 'Re', 'Re'] 
Coordinates: 
0.0000000 0.0000000 10.0000000
3.6645282 2.6151140 10.0000000
2.7653748 0.0000000 10.0000000
0.8991534 2.6151140 10.0000000
5.5307497 3.9469039 12.2505903
1.8662214 1.3317899 12.2505903
2.7653748 3.9469039 12.2505903
4.6315963 1.3317899 12.2505903
3.7038850 2.6432030 14.5043784
0.0393495 0.0280854 14.5043841
0.9402132 2.6444061 14.3940844
2.8064262 0.0292930 14.3940910

Crystal Axes: 
5.530750 0.000000 0.000000
1.798307 5.230228 0.000000
0.000000 0.000000 24.501181
