Order: 
['Ta', 'Ta', 'Os', 'Os', 'Ta', 'Ta', 'Os', 'Os', 'Ta', 'Ta', 'Os', 'Os'] 
Coordinates: 
0.0000000 0.0000000 10.0000000
3.8636070 2.5521973 10.0000000
2.7747607 0.0000000 10.0000000
1.0888462 2.5521973 10.0000000
5.5495215 3.6658681 12.2963990
1.6859145 1.1136708 12.2963990
2.7747607 3.6658681 12.2963990
4.4606752 1.1136708 12.2963990
3.6342994 2.4007279 14.5898308
7.4979114 4.9529192 14.5898312
6.4145546 2.4043511 14.4022703
4.7286360 4.9565502 14.4022658

Crystal Axes: 
5.549521 0.000000 0.000000
2.177692 5.104395 0.000000
0.000000 0.000000 24.592798
