Order: 
['Ta', 'Ta', 'W', 'W', 'Ta', 'Ta', 'W', 'W', 'Ta', 'Ta', 'W', 'W'] 
Coordinates: 
0.0000000 0.0000000 10.0000000
2.7244364 0.0000000 10.0000000
1.3622182 2.7164642 10.0000000
-1.3622182 2.7164642 10.0000000
2.7244364 1.3662160 12.3571185
-0.0000000 1.3662160 12.3571185
-1.3622182 4.0826803 12.3571185
1.3622182 4.0826803 12.3571185
-0.0000029 2.7534352 14.7476260
2.7244325 2.7534510 14.7476361
1.3622392 5.4261129 14.6063897
-1.3622345 5.4261099 14.6063836

Crystal Axes: 
5.448873 0.000000 0.000000
-2.724436 5.432928 0.000000
0.000000 0.000000 24.714237
