Order: 
['Ta', 'Ta', 'Ir', 'Ir', 'Ta', 'Ta', 'Ir', 'Ir', 'Ta', 'Ta', 'Ir', 'Ir'] 
Coordinates: 
0.0000000 0.0000000 10.0000000
4.1460248 2.4792296 10.0000000
2.8142742 0.0000000 10.0000000
1.3317506 2.4792296 10.0000000
5.6285484 3.3657455 12.3153119
1.4825236 0.8865158 12.3153119
2.8142742 3.3657455 12.3153119
4.2967978 0.8865158 12.3153119
3.1414613 1.8785201 14.5930534
7.2874849 4.3577537 14.5930546
5.9605834 1.8814207 14.5474899
4.4780584 4.3606520 14.5474898

Crystal Axes: 
5.628548 0.000000 0.000000
2.663501 4.958459 0.000000
0.000000 0.000000 24.630624
