Order: 
['Ta', 'Ta', 'Hg', 'Hg', 'Ta', 'Ta', 'Hg', 'Hg', 'Ta', 'Ta', 'Hg', 'Hg'] 
Coordinates: 
0.0000000 0.0000000 10.0000000
2.9363264 0.0000000 10.0000000
1.4681632 2.6817708 10.0000000
-1.4681632 2.6817708 10.0000000
2.9363264 1.6075224 12.4572108
-0.0000000 1.6075224 12.4572108
-1.4681632 4.2892931 12.4572108
1.4681632 4.2892931 12.4572108
-0.0000004 3.0013747 14.7897486
2.9363309 3.0013441 14.7897338
4.4045041 0.3695610 15.2697303
1.4681592 0.3695783 15.2696938

Crystal Axes: 
5.872653 0.000000 0.000000
-2.936326 5.363542 0.000000
0.000000 0.000000 24.914422
