Order: 
['Tc', 'Tc', 'Ir', 'Ir', 'Tc', 'Tc', 'Ir', 'Ir', 'Tc', 'Tc', 'Ir', 'Ir'] 
Coordinates: 
0.0000000 0.0000000 10.0000000
2.7228442 0.0000000 10.0000000
1.3614221 2.3804370 10.0000000
-1.3614221 2.3804370 10.0000000
2.7228442 1.5572520 12.2335726
-0.0000000 1.5572520 12.2335726
-1.3614221 3.9376890 12.2335726
1.3614221 3.9376890 12.2335726
0.0000008 3.1108817 14.3816378
2.7228429 3.1108910 14.3816251
4.0842661 0.8002419 14.3732971
1.3614211 0.8002427 14.3733000

Crystal Axes: 
5.445688 0.000000 0.000000
-2.722844 4.760874 0.000000
0.000000 0.000000 24.467145
