Order: 
['Tc', 'Tc', 'Hg', 'Hg', 'Tc', 'Tc', 'Hg', 'Hg', 'Tc', 'Tc', 'Hg', 'Hg'] 
Coordinates: 
0.0000000 0.0000000 10.0000000
2.8371762 0.0000000 10.0000000
1.4185881 2.6277724 10.0000000
-1.4185881 2.6277724 10.0000000
2.8371762 1.5316335 12.3882352
0.0000000 1.5316335 12.3882352
-1.4185881 4.1594059 12.3882352
1.4185881 4.1594059 12.3882352
0.0000034 2.3241801 14.4417862
2.8371721 2.3242856 14.4419175
1.4189365 5.0911724 15.2982626
-1.4189410 5.0911682 15.2982677

Crystal Axes: 
5.674352 0.000000 0.000000
-2.837176 5.255545 0.000000
0.000000 0.000000 24.776470
