Order: 
['Tc', 'Tc', 'Ru', 'Ru', 'Tc', 'Tc', 'Ru', 'Ru', 'Tc', 'Tc', 'Ru', 'Ru'] 
Coordinates: 
0.0000000 0.0000000 10.0000000
2.7191366 0.0000000 10.0000000
1.3595683 2.3559729 10.0000000
-1.3595683 2.3559729 10.0000000
2.7191366 1.5691402 12.2206987
-0.0000000 1.5691402 12.2206987
-1.3595683 3.9251131 12.2206987
1.3595683 3.9251131 12.2206987
-0.0000002 3.1378224 14.3283309
2.7191360 3.1378219 14.3283307
4.0787038 0.7944081 14.3517659
1.3595677 0.7944083 14.3517663

Crystal Axes: 
5.438273 0.000000 0.000000
-2.719137 4.711946 0.000000
0.000000 0.000000 24.441397
