Order: 
['Tc', 'Tc', 'Re', 'Re', 'Tc', 'Tc', 'Re', 'Re', 'Tc', 'Tc', 'Re', 'Re'] 
Coordinates: 
0.0000000 0.0000000 10.0000000
2.7542037 0.0000000 10.0000000
1.3771019 2.3852156 10.0000000
-1.3771019 2.3852156 10.0000000
2.7542037 1.5901368 12.2488004
0.0000000 1.5901368 12.2488004
-1.3771019 3.9753524 12.2488004
1.3771019 3.9753524 12.2488004
0.0000017 3.1837177 14.4102972
2.7542018 3.1836987 14.4102929
4.1312998 0.7892798 14.3691123
1.3771055 0.7892794 14.3691158

Crystal Axes: 
5.508407 0.000000 0.000000
-2.754204 4.770431 0.000000
0.000000 0.000000 24.497601
