Order: 
['Tc', 'Tc', 'Ag', 'Ag', 'Tc', 'Tc', 'Ag', 'Ag', 'Tc', 'Tc', 'Ag', 'Ag'] 
Coordinates: 
0.0000000 0.0000000 10.0000000
2.6436582 0.0000000 10.0000000
1.3218291 2.6630913 10.0000000
-1.3218291 2.6630913 10.0000000
2.6436582 1.3121834 12.2950170
-0.0000000 1.3121834 12.2950170
-1.3218291 3.9752747 12.2950170
1.3218291 3.9752747 12.2950170
0.0001181 2.2719559 14.3555435
2.6437854 2.2722522 14.3556700
1.3238881 5.0219829 14.8918047
-1.3229806 5.0219903 14.8918018

Crystal Axes: 
5.287316 0.000000 0.000000
-2.643658 5.326183 0.000000
0.000000 0.000000 24.590034
