Order: 
['Tc', 'Tc', 'Pd', 'Pd', 'Tc', 'Tc', 'Pd', 'Pd', 'Tc', 'Tc', 'Pd', 'Pd'] 
Coordinates: 
0.0000000 0.0000000 10.0000000
2.6938508 0.0000000 10.0000000
1.3469254 2.4585880 10.0000000
-1.3469254 2.4585880 10.0000000
2.6938508 1.4758129 12.2536211
-0.0000000 1.4758129 12.2536211
-1.3469254 3.9344009 12.2536211
1.3469254 3.9344009 12.2536211
-0.0000447 2.9208833 14.3614083
2.6938056 2.9208802 14.3613971
4.0407401 0.5587050 14.5321904
1.3468291 0.5587051 14.5321895

Crystal Axes: 
5.387702 0.000000 0.000000
-2.693851 4.917176 0.000000
0.000000 0.000000 24.507242
