Order: 
['Tc', 'Tc', 'Rh', 'Rh', 'Tc', 'Tc', 'Rh', 'Rh', 'Tc', 'Tc', 'Rh', 'Rh'] 
Coordinates: 
0.0000000 0.0000000 10.0000000
2.6957471 0.0000000 10.0000000
1.3478735 2.3854625 10.0000000
-1.3478735 2.3854625 10.0000000
2.6957471 1.5231956 12.2241689
0.0000000 1.5231956 12.2241689
-1.3478735 3.9086582 12.2241689
1.3478735 3.9086582 12.2241689
-0.0000006 3.0589742 14.3500983
2.6957469 3.0589756 14.3501206
4.0436211 0.7511625 14.3719435
1.3478725 0.7511622 14.3719439

Crystal Axes: 
5.391494 0.000000 0.000000
-2.695747 4.770925 0.000000
0.000000 0.000000 24.448338
