Order: 
['Tc', 'Tc', 'Au', 'Au', 'Tc', 'Tc', 'Au', 'Au', 'Tc', 'Tc', 'Au', 'Au'] 
Coordinates: 
0.0000000 0.0000000 10.0000000
2.7167165 0.0000000 10.0000000
1.3583583 2.5803806 10.0000000
-1.3583583 2.5803806 10.0000000
2.7167165 1.4301279 12.3098231
0.0000000 1.4301279 12.3098231
-1.3583583 4.0105085 12.3098231
1.3583583 4.0105085 12.3098231
0.0005920 0.5580683 14.3703651
2.7172486 0.5587898 14.3709568
1.3604038 3.0315064 14.9759424
-1.3587885 3.0315019 14.9760019

Crystal Axes: 
5.433433 0.000000 0.000000
-2.716717 5.160761 0.000000
0.000000 0.000000 24.619646
