Order: 
['Tc', 'Tc', 'W', 'W', 'Tc', 'Tc', 'W', 'W', 'Tc', 'Tc', 'W', 'W'] 
Coordinates: 
0.0000000 0.0000000 10.0000000
3.6210269 2.5562546 10.0000000
2.7128041 0.0000000 10.0000000
0.9082227 2.5562546 10.0000000
5.4256083 3.8301943 12.2161940
1.8045814 1.2739396 12.2161940
2.7128041 3.8301943 12.2161940
4.5173856 1.2739396 12.2161940
3.6119826 2.5498697 14.3038638
7.2330085 5.1061243 14.3038642
6.3249673 2.5499989 14.3966991
4.5203862 5.1062526 14.3966976

Crystal Axes: 
5.425608 0.000000 0.000000
1.816445 5.112509 0.000000
0.000000 0.000000 24.432388
