Order: 
['Tc', 'Tc', 'Ta', 'Ta', 'Tc', 'Tc', 'Ta', 'Ta', 'Tc', 'Tc', 'Ta', 'Ta'] 
Coordinates: 
0.0000000 0.0000000 10.0000000
3.6565039 2.6011677 10.0000000
2.7534627 0.0000000 10.0000000
0.9030412 2.6011677 10.0000000
5.5069255 3.9175227 12.2434980
1.8504216 1.3163549 12.2434980
2.7534627 3.9175227 12.2434980
4.6038843 1.3163549 12.2434980
3.6864631 2.6224806 14.3873620
0.0299601 0.0213137 14.3873665
0.9309393 2.6210142 14.4593597
2.7813600 0.0198461 14.4593604

Crystal Axes: 
5.506925 0.000000 0.000000
1.806082 5.202335 0.000000
0.000000 0.000000 24.486996
