Order: 
['Tc', 'Tc', 'Pt', 'Pt', 'Tc', 'Tc', 'Pt', 'Pt', 'Tc', 'Tc', 'Pt', 'Pt'] 
Coordinates: 
0.0000000 0.0000000 10.0000000
2.7171838 0.0000000 10.0000000
1.3585919 2.4411259 10.0000000
-1.3585919 2.4411259 10.0000000
2.7171838 1.5122300 12.2574871
-0.0000000 1.5122300 12.2574871
-1.3585919 3.9533559 12.2574871
1.3585919 3.9533559 12.2574871
0.0000734 3.0475992 14.4299739
2.7172612 3.0476334 14.4300441
4.0758176 0.7121211 14.4816070
1.3586103 0.7121209 14.4816078

Crystal Axes: 
5.434368 0.000000 0.000000
-2.717184 4.882252 0.000000
0.000000 0.000000 24.514974
