Order: 
['Tc', 'Tc', 'Cd', 'Cd', 'Tc', 'Tc', 'Cd', 'Cd', 'Tc', 'Tc', 'Cd', 'Cd'] 
Coordinates: 
0.0000000 0.0000000 10.0000000
2.7532722 0.0000000 10.0000000
1.3766361 2.6729600 10.0000000
-1.3766361 2.6729600 10.0000000
2.7532722 1.4179988 12.3600397
0.0000000 1.4179988 12.3600397
-1.3766361 4.0909587 12.3600397
1.3766361 4.0909587 12.3600397
0.0000357 2.3251431 14.4251747
2.7533396 2.3251842 14.4252634
1.3764467 5.1262212 15.1761938
-1.3767850 5.1262667 15.1761769

Crystal Axes: 
5.506544 0.000000 0.000000
-2.753272 5.345920 0.000000
0.000000 0.000000 24.720079
