Order: 
['Tc', 'Tc', 'Y', 'Y', 'Tc', 'Tc', 'Y', 'Y', 'Tc', 'Tc', 'Y', 'Y'] 
Coordinates: 
0.0000000 0.0000000 10.0000000
3.9599070 2.8373228 10.0000000
2.9964421 0.0000000 10.0000000
0.9634649 2.8373228 10.0000000
5.9928843 4.2939765 12.4348637
2.0329773 1.4566536 12.4348637
2.9964421 4.2939765 12.4348637
5.0294194 1.4566536 12.4348637
4.0665738 2.9137621 14.6694338
0.1066676 0.0764241 14.6694652
1.0415344 2.8932477 14.9035525
3.0744946 0.0559382 14.9035451

Crystal Axes: 
5.992884 0.000000 0.000000
1.926930 5.674646 0.000000
0.000000 0.000000 24.869727
