Order: 
['Tc', 'Tc', 'Os', 'Os', 'Tc', 'Tc', 'Os', 'Os', 'Tc', 'Tc', 'Os', 'Os'] 
Coordinates: 
0.0000000 0.0000000 10.0000000
2.7311337 0.0000000 10.0000000
1.3655669 2.3699540 10.0000000
-1.3655669 2.3699540 10.0000000
2.7311337 1.5736785 12.2321800
-0.0000000 1.5736785 12.2321800
-1.3655669 3.9436325 12.2321800
1.3655669 3.9436325 12.2321800
-0.0000001 3.1546755 14.3694989
2.7311340 3.1546751 14.3694902
4.0967064 0.7819362 14.3591989
1.3655619 0.7819364 14.3592032

Crystal Axes: 
5.462267 0.000000 0.000000
-2.731134 4.739908 0.000000
0.000000 0.000000 24.464360
