Order: 
['Tc', 'Tc', 'Hf', 'Hf', 'Tc', 'Tc', 'Hf', 'Hf', 'Tc', 'Tc', 'Hf', 'Hf'] 
Coordinates: 
0.0000000 0.0000000 10.0000000
3.7870459 2.6640204 10.0000000
2.8305336 0.0000000 10.0000000
0.9565123 2.6640204 10.0000000
5.6610672 3.9823121 12.3149756
1.8740213 1.3182916 12.3149756
2.8305336 3.9823121 12.3149756
4.7045549 1.3182916 12.3149756
3.7522082 2.6395120 14.5649887
7.5392537 5.3035356 14.5649837
6.5903927 2.6448935 14.5701598
4.7163736 5.3089185 14.5701598

Crystal Axes: 
5.661067 0.000000 0.000000
1.913025 5.328041 0.000000
0.000000 0.000000 24.629951
