Order: 
['Ti', 'Ti', 'Rh', 'Rh', 'Ti', 'Ti', 'Rh', 'Rh', 'Ti', 'Ti', 'Rh', 'Rh'] 
Coordinates: 
0.0000000 0.0000000 10.0000000
3.7670130 2.4911047 10.0000000
2.7071833 0.0000000 10.0000000
1.0598297 2.4911047 10.0000000
5.4143666 3.5804904 12.2402770
1.6473536 1.0893857 12.2402770
2.7071833 3.5804904 12.2402770
4.3545369 1.0893857 12.2402770
3.5430600 2.3429995 14.4948262
7.3100875 4.8341251 14.4948321
6.2608089 2.3499726 14.2941865
4.6134313 4.8411027 14.2941826

Crystal Axes: 
5.414367 0.000000 0.000000
2.119659 4.982209 0.000000
0.000000 0.000000 24.480554
