Order: 
['Ti', 'Ti', 'Ta', 'Ta', 'Ti', 'Ti', 'Ta', 'Ta', 'Ti', 'Ti', 'Ta', 'Ta'] 
Coordinates: 
0.0000000 0.0000000 10.0000000
2.8046314 0.0000000 10.0000000
1.4023157 2.6774596 10.0000000
-1.4023157 2.6774596 10.0000000
2.8046314 1.4689217 12.3891894
-0.0000000 1.4689217 12.3891894
-1.4023157 4.1463813 12.3891894
1.4023157 4.1463813 12.3891894
-0.0000021 2.9293571 14.7260014
2.8046326 2.9293539 14.7259708
4.2069383 0.2952367 14.6693219
1.4023232 0.2952353 14.6693240

Crystal Axes: 
5.609263 0.000000 0.000000
-2.804631 5.354919 0.000000
0.000000 0.000000 24.778379
