Order: 
['Ti', 'Ti', 'V', 'V', 'Ti', 'Ti', 'V', 'V', 'Ti', 'Ti', 'V', 'V'] 
Coordinates: 
0.0000000 0.0000000 10.0000000
2.6178546 0.0000000 10.0000000
1.3089273 2.5896603 10.0000000
-1.3089273 2.5896603 10.0000000
2.6178546 1.3231780 12.2588411
0.0000000 1.3231780 12.2588411
-1.3089273 3.9128383 12.2588411
1.3089273 3.9128383 12.2588411
-0.0000221 2.7207948 14.5702601
2.6178295 2.7207919 14.5702548
3.9268384 0.0176490 14.3106793
1.3089860 0.0176790 14.3106618

Crystal Axes: 
5.235709 0.000000 0.000000
-2.617855 5.179321 0.000000
0.000000 0.000000 24.517682
