Order: 
['Ti', 'Ti', 'Pt', 'Pt', 'Ti', 'Ti', 'Pt', 'Pt', 'Ti', 'Ti', 'Pt', 'Pt'] 
Coordinates: 
0.0000000 0.0000000 10.0000000
4.1514001 2.4418156 10.0000000
2.7938268 0.0000000 10.0000000
1.3575733 2.4418156 10.0000000
5.5876537 3.2866068 12.2910240
1.4362536 0.8447912 12.2910240
2.7938268 3.2866068 12.2910240
4.2300804 0.8447912 12.2910240
3.2660340 1.9210500 14.5884086
7.4174216 4.3628595 14.5884073
6.0762058 1.9306985 14.5526521
4.6399826 4.3724649 14.5526525

Crystal Axes: 
5.587654 0.000000 0.000000
2.715147 4.883631 0.000000
0.000000 0.000000 24.582048
