Order: 
['Ti', 'Ti', 'Zr', 'Zr', 'Ti', 'Ti', 'Zr', 'Zr', 'Ti', 'Ti', 'Zr', 'Zr'] 
Coordinates: 
0.0000000 0.0000000 10.0000000
4.4857318 2.6737503 10.0000000
3.0397193 0.0000000 10.0000000
1.4460126 2.6737503 10.0000000
6.0794385 3.6236898 12.4993111
1.5937067 0.9499395 12.4993111
3.0397193 3.6236898 12.4993111
4.6334259 0.9499395 12.4993111
3.1267557 1.8637227 14.8227456
7.6125163 4.5374940 14.8227474
6.2878268 1.9361113 14.9229633
4.6941634 4.6097801 14.9229643

Crystal Axes: 
6.079439 0.000000 0.000000
2.892025 5.347501 0.000000
0.000000 0.000000 24.998622
