Order: 
['Ti', 'Ti', 'Re', 'Re', 'Ti', 'Ti', 'Re', 'Re', 'Ti', 'Ti', 'Re', 'Re'] 
Coordinates: 
0.0000000 0.0000000 10.0000000
3.6029458 2.5441076 10.0000000
2.6996940 0.0000000 10.0000000
0.9032518 2.5441076 10.0000000
5.3993879 3.8126091 12.2053090
1.7964421 1.2685015 12.2053090
2.6996940 3.8126091 12.2053090
4.4961361 1.2685015 12.2053090
3.5950735 2.5385181 14.3829144
7.1979966 5.0826701 14.3829056
6.2940607 2.5380466 14.3528693
4.4975599 5.0820952 14.3528456

Crystal Axes: 
5.399388 0.000000 0.000000
1.806504 5.088215 0.000000
0.000000 0.000000 24.410618
