Order: 
['Ti', 'Ti', 'Y', 'Y', 'Ti', 'Ti', 'Y', 'Y', 'Ti', 'Ti', 'Y', 'Y'] 
Coordinates: 
0.0000000 0.0000000 10.0000000
4.7642448 2.8191365 10.0000000
3.2162033 0.0000000 10.0000000
1.5480416 2.8191365 10.0000000
6.4324065 3.8062343 12.6406758
1.6681617 0.9870978 12.6406758
3.2162033 3.8062343 12.6406758
4.8843650 0.9870978 12.6406758
3.1183283 1.8452109 14.9574369
7.8822868 4.6641804 14.9575504
6.4610318 1.9237936 15.3564022
4.7961571 4.7374040 15.3564126

Crystal Axes: 
6.432407 0.000000 0.000000
3.096083 5.638273 0.000000
0.000000 0.000000 25.281352
