Order: 
['Ti', 'Ti', 'Pd', 'Pd', 'Ti', 'Ti', 'Pd', 'Pd', 'Ti', 'Ti', 'Pd', 'Pd'] 
Coordinates: 
0.0000000 0.0000000 10.0000000
4.1562800 2.4545151 10.0000000
2.8029040 0.0000000 10.0000000
1.3533760 2.4545151 10.0000000
5.6058080 3.3105422 12.3004047
1.4495280 0.8560271 12.3004047
2.8029040 3.3105422 12.3004047
4.2524320 0.8560271 12.3004047
3.1408126 1.8548232 14.5560160
7.2971024 4.3093451 14.5560118
5.9563160 1.8622632 14.5662444
4.5067874 4.3167835 14.5662404

Crystal Axes: 
5.605808 0.000000 0.000000
2.706752 4.909030 0.000000
0.000000 0.000000 24.600809
