Order: 
['Ti', 'Ti', 'La', 'La', 'Ti', 'Ti', 'La', 'La', 'Ti', 'Ti', 'La', 'La'] 
Coordinates: 
0.0000000 0.0000000 10.0000000
4.3536201 3.0254695 10.0000000
3.2280577 0.0000000 10.0000000
1.1255625 3.0254695 10.0000000
6.4561153 4.4865604 12.6492789
2.1024952 1.4610910 12.6492789
3.2280577 4.4865604 12.6492789
5.3305529 1.4610910 12.6492789
3.6858741 2.5616289 14.9096183
8.0405139 5.5873949 14.9098918
7.0210248 2.6365127 15.5092346
4.9192443 5.6611471 15.5093090

Crystal Axes: 
6.456115 0.000000 0.000000
2.251125 6.050939 0.000000
0.000000 0.000000 25.298558
