Order: 
['Ti', 'Ti', 'Hg', 'Hg', 'Ti', 'Ti', 'Hg', 'Hg', 'Ti', 'Ti', 'Hg', 'Hg'] 
Coordinates: 
0.0000000 0.0000000 10.0000000
4.4166563 2.6172472 10.0000000
2.9837997 0.0000000 10.0000000
1.4328566 2.6172472 10.0000000
5.9675994 3.5363139 12.4505712
1.5509432 0.9190667 12.4505712
2.9837997 3.5363139 12.4505712
4.5347429 0.9190667 12.4505712
2.9337043 1.7384752 14.7378054
7.3503723 4.3557291 14.7377824
5.9556050 1.7610561 15.1209114
4.4046662 4.3782982 15.1209174

Crystal Axes: 
5.967599 0.000000 0.000000
2.865713 5.234494 0.000000
0.000000 0.000000 24.901142
