Order: 
['Ti', 'Ti', 'Zn', 'Zn', 'Ti', 'Ti', 'Zn', 'Zn', 'Ti', 'Ti', 'Zn', 'Zn'] 
Coordinates: 
0.0000000 0.0000000 10.0000000
4.0998647 2.4515538 10.0000000
2.7828975 0.0000000 10.0000000
1.3169672 2.4515538 10.0000000
5.5657950 3.3281211 12.2894859
1.4659304 0.8765673 12.2894859
2.7828975 3.3281211 12.2894859
4.2488279 0.8765673 12.2894859
2.9226378 1.7476202 14.5150511
7.0224874 4.1991640 14.5150224
5.6946837 1.7414203 14.6436145
4.2290056 4.1925476 14.6436175

Crystal Axes: 
5.565795 0.000000 0.000000
2.633934 4.903108 0.000000
0.000000 0.000000 24.578972
