Order: 
['Ti', 'Ti', 'Au', 'Au', 'Ti', 'Ti', 'Au', 'Au', 'Ti', 'Ti', 'Au', 'Au'] 
Coordinates: 
0.0000000 0.0000000 10.0000000
4.2779360 2.5247154 10.0000000
2.8839754 0.0000000 10.0000000
1.3939606 2.5247154 10.0000000
5.7679508 3.4040795 12.3666235
1.4900148 0.8793641 12.3666235
2.8839754 3.4040795 12.3666235
4.3739902 0.8793641 12.3666235
2.9751833 1.7558732 14.6116619
7.2531351 4.2805828 14.6116553
5.9077104 1.7844842 14.7640396
4.4176516 4.3092321 14.7640356

Crystal Axes: 
5.767951 0.000000 0.000000
2.787921 5.049431 0.000000
0.000000 0.000000 24.733247
