Order: 
['Ti', 'Ti', 'Hf', 'Hf', 'Ti', 'Ti', 'Hf', 'Hf', 'Ti', 'Ti', 'Hf', 'Hf'] 
Coordinates: 
0.0000000 0.0000000 10.0000000
4.4283662 2.6612429 10.0000000
3.0138249 0.0000000 10.0000000
1.4145413 2.6612429 10.0000000
6.0276498 3.6223382 12.4816344
1.5992836 0.9610954 12.4816344
3.0138249 3.6223382 12.4816344
4.6131085 0.9610954 12.4816344
3.1269811 1.8791696 14.7950389
7.5553915 4.5404408 14.7949873
6.2139874 1.9232213 14.8603018
4.6147659 4.5843543 14.8603018

Crystal Axes: 
6.027650 0.000000 0.000000
2.829083 5.322486 0.000000
0.000000 0.000000 24.963269
