Order: 
['Ti', 'Ti', 'Cd', 'Cd', 'Ti', 'Ti', 'Cd', 'Cd', 'Ti', 'Ti', 'Cd', 'Cd'] 
Coordinates: 
0.0000000 0.0000000 10.0000000
2.9687077 0.0000000 10.0000000
1.4843539 2.6223728 10.0000000
-1.4843539 2.6223728 10.0000000
2.9687077 1.6803914 12.4473476
-0.0000000 1.6803914 12.4473476
-1.4843539 4.3027643 12.4473476
1.4843539 4.3027643 12.4473476
0.0000037 3.1968027 14.7498485
2.9687092 3.1967744 14.7498177
4.4529671 0.6084806 15.0664095
1.4844706 0.6084912 15.0664151

Crystal Axes: 
5.937415 0.000000 0.000000
-2.968708 5.244746 0.000000
0.000000 0.000000 24.894695
