Order: 
['Ti', 'Ti', 'Ir', 'Ir', 'Ti', 'Ti', 'Ir', 'Ir', 'Ti', 'Ti', 'Ir', 'Ir'] 
Coordinates: 
0.0000000 0.0000000 10.0000000
3.8352253 2.4766374 10.0000000
2.7172701 0.0000000 10.0000000
1.1179552 2.4766374 10.0000000
5.4345401 3.5094119 12.2510241
1.5993148 1.0327745 12.2510241
2.7172701 3.5094119 12.2510241
4.3165849 1.0327745 12.2510241
3.5372564 2.2842209 14.5336016
7.3724836 4.7608569 14.5336140
6.2600357 2.2877789 14.3259622
4.6607196 4.7644143 14.3259584

Crystal Axes: 
5.434540 0.000000 0.000000
2.235910 4.953275 0.000000
0.000000 0.000000 24.502048
