Order: 
['Ti', 'Ti', 'W', 'W', 'Ti', 'Ti', 'W', 'W', 'Ti', 'Ti', 'W', 'W'] 
Coordinates: 
0.0000000 0.0000000 10.0000000
2.6821775 0.0000000 10.0000000
1.3410887 2.6588958 10.0000000
-1.3410887 2.6588958 10.0000000
2.6821775 1.3528315 12.3160144
0.0000000 1.3528315 12.3160144
-1.3410887 4.0117273 12.3160144
1.3410887 4.0117273 12.3160144
-0.0000713 2.7531791 14.7084856
2.6821046 2.7531820 14.7084808
4.0232250 0.0864910 14.5184785
1.3410455 0.0864866 14.5184777

Crystal Axes: 
5.364355 0.000000 0.000000
-2.682177 5.317792 0.000000
0.000000 0.000000 24.632029
