Order: 
['Ti', 'Ti', 'Ru', 'Ru', 'Ti', 'Ti', 'Ru', 'Ru', 'Ti', 'Ti', 'Ru', 'Ru'] 
Coordinates: 
0.0000000 0.0000000 10.0000000
3.5640673 2.5192813 10.0000000
2.6724178 0.0000000 10.0000000
0.8916495 2.5192813 10.0000000
5.3448357 3.7780276 12.1822777
1.7807684 1.2587463 12.1822777
2.6724178 3.7780276 12.1822777
4.4531862 1.2587463 12.1822777
3.5623036 2.5180350 14.3761256
7.1263682 5.0373136 14.3761258
6.2345453 2.5179084 14.2391377
4.4537738 5.0371903 14.2391381

Crystal Axes: 
5.344836 0.000000 0.000000
1.783299 5.038563 0.000000
0.000000 0.000000 24.364555
