Order: 
['Ti', 'Ti', 'Cu', 'Cu', 'Ti', 'Ti', 'Cu', 'Cu', 'Ti', 'Ti', 'Cu', 'Cu'] 
Coordinates: 
0.0000000 0.0000000 10.0000000
2.7264611 0.0000000 10.0000000
1.3632305 2.3737814 10.0000000
-1.3632305 2.3737814 10.0000000
2.7264611 1.5657697 12.2320294
0.0000000 1.5657697 12.2320294
-1.3632305 3.9395511 12.2320294
1.3632305 3.9395511 12.2320294
0.0000011 3.2304623 14.4095741
2.7264672 3.2312023 14.4095461
4.0893923 0.8337663 14.4337943
1.3635440 0.8337660 14.4337790

Crystal Axes: 
5.452922 0.000000 0.000000
-2.726461 4.747563 0.000000
0.000000 0.000000 24.464059
