Order: 
['Ti', 'Ti', 'Cr', 'Cr', 'Ti', 'Ti', 'Cr', 'Cr', 'Ti', 'Ti', 'Cr', 'Cr'] 
Coordinates: 
0.0000000 0.0000000 10.0000000
3.5079061 2.4798144 10.0000000
2.6304702 0.0000000 10.0000000
0.8774359 2.4798144 10.0000000
5.2609404 3.7190721 12.1479572
1.7530343 1.2392577 12.1479572
2.6304702 3.7190721 12.1479572
4.3835045 1.2392577 12.1479572
3.5066335 2.4788942 14.2483695
7.0145229 4.9587374 14.2483697
6.1367379 2.4786546 14.1680337
4.3837175 4.9584803 14.1680281

Crystal Axes: 
5.260940 0.000000 0.000000
1.754872 4.959629 0.000000
0.000000 0.000000 24.295914
