Order: 
['Ti', 'Ti', 'Nb', 'Nb', 'Ti', 'Ti', 'Nb', 'Nb', 'Ti', 'Ti', 'Nb', 'Nb'] 
Coordinates: 
0.0000000 0.0000000 10.0000000
2.7606717 0.0000000 10.0000000
1.3803358 2.7188516 10.0000000
-1.3803358 2.7188516 10.0000000
2.7606717 1.4015675 12.3784274
-0.0000000 1.4015675 12.3784274
-1.3803358 4.1204191 12.3784274
1.3803358 4.1204191 12.3784274
-0.0001195 2.8011625 14.7258435
2.7605522 2.8011527 14.7258378
4.1407578 0.1027322 14.6453979
1.3800889 0.1027329 14.6453966

Crystal Axes: 
5.521343 0.000000 0.000000
-2.760672 5.437703 0.000000
0.000000 0.000000 24.756855
