Order: 
['Ti', 'Ti', 'Ag', 'Ag', 'Ti', 'Ti', 'Ag', 'Ag', 'Ti', 'Ti', 'Ag', 'Ag'] 
Coordinates: 
0.0000000 0.0000000 10.0000000
2.8449399 0.0000000 10.0000000
1.4224700 2.5860424 10.0000000
-1.4224700 2.5860424 10.0000000
2.8449399 1.5648783 12.3758870
0.0000000 1.5648783 12.3758870
-1.4224700 4.1509207 12.3758870
1.4224700 4.1509207 12.3758870
-0.0000001 3.1181933 14.5984151
2.8449402 3.1181794 14.5984378
4.2674185 0.5774639 14.8269930
1.4224610 0.5774637 14.8269934

Crystal Axes: 
5.689880 0.000000 0.000000
-2.844940 5.172085 0.000000
0.000000 0.000000 24.751774
