Order: 
['Ti', 'Ti', 'Tc', 'Tc', 'Ti', 'Ti', 'Tc', 'Tc', 'Ti', 'Ti', 'Tc', 'Tc'] 
Coordinates: 
0.0000000 0.0000000 10.0000000
3.5879808 2.5370831 10.0000000
2.6909839 0.0000000 10.0000000
0.8969970 2.5370831 10.0000000
5.3819677 3.8056222 12.1971798
1.7939869 1.2685391 12.1971798
2.6909839 3.8056222 12.1971798
4.4849708 1.2685391 12.1971798
3.5879754 2.5370810 14.3207484
7.1759596 5.0741632 14.3207444
6.2789603 2.5370818 14.3558585
4.4849697 5.0741558 14.3558648

Crystal Axes: 
5.381968 0.000000 0.000000
1.793994 5.074166 0.000000
0.000000 0.000000 24.394360
