Order: 
['Ti', 'Ti', 'Os', 'Os', 'Ti', 'Ti', 'Os', 'Os', 'Ti', 'Ti', 'Os', 'Os'] 
Coordinates: 
0.0000000 0.0000000 10.0000000
3.5763364 2.5321843 10.0000000
2.6846104 0.0000000 10.0000000
0.8917261 2.5321843 10.0000000
5.3692207 3.8016156 12.1910047
1.7928843 1.2694313 12.1910047
2.6846104 3.8016156 12.1910047
4.4774946 1.2694313 12.1910047
3.5835888 2.5373175 14.4130438
0.0072606 0.0051415 14.4130463
0.9000940 2.5381081 14.2492615
2.6929794 0.0059263 14.2492665

Crystal Axes: 
5.369221 0.000000 0.000000
1.783452 5.064369 0.000000
0.000000 0.000000 24.382009
