Order: 
['Ti', 'Ti', 'Mo', 'Mo', 'Ti', 'Ti', 'Mo', 'Mo', 'Ti', 'Ti', 'Mo', 'Mo'] 
Coordinates: 
0.0000000 0.0000000 10.0000000
2.6525565 0.0000000 10.0000000
1.3262782 2.6721513 10.0000000
-1.3262782 2.6721513 10.0000000
2.6525565 1.3165526 12.3027690
0.0000000 1.3165526 12.3027690
-1.3262782 3.9887040 12.3027690
1.3262782 3.9887040 12.3027690
0.0001186 2.7055711 14.6907665
2.6526759 2.7055743 14.6907444
3.9787590 0.0136851 14.4817303
1.3261884 0.0136860 14.4817249

Crystal Axes: 
5.305113 0.000000 0.000000
-2.652556 5.344303 0.000000
0.000000 0.000000 24.605538
