Order: 
['V', 'V', 'Au', 'Au', 'V', 'V', 'Au', 'Au', 'V', 'V', 'Au', 'Au'] 
Coordinates: 
0.0000000 0.0000000 10.0000000
2.7629619 0.0000000 10.0000000
1.3814810 2.4799688 10.0000000
-1.3814810 2.4799688 10.0000000
2.7629619 1.5391239 12.2945710
-0.0000000 1.5391239 12.2945710
-1.3814810 4.0190927 12.2945710
1.3814810 4.0190927 12.2945710
0.0001498 2.9779384 14.3922607
2.7631054 2.9780621 14.3922828
4.1446338 0.6134671 14.6881332
1.3812645 0.6134716 14.6881349

Crystal Axes: 
5.525924 0.000000 0.000000
-2.762962 4.959938 0.000000
0.000000 0.000000 24.589142
