Order: 
['V', 'V', 'Ag', 'Ag', 'V', 'V', 'Ag', 'Ag', 'V', 'V', 'Ag', 'Ag'] 
Coordinates: 
0.0000000 0.0000000 10.0000000
2.6732612 0.0000000 10.0000000
1.3366306 2.5839981 10.0000000
-1.3366306 2.5839981 10.0000000
2.6732612 1.3828039 12.2878327
-0.0000000 1.3828039 12.2878327
-1.3366306 3.9668020 12.2878327
1.3366306 3.9668020 12.2878327
0.0002167 2.4956856 14.2819720
2.6735032 2.4952056 14.2820922
4.0082834 0.0360413 14.7850057
1.3388745 0.0360697 14.7849820

Crystal Axes: 
5.346522 0.000000 0.000000
-2.673261 5.167996 0.000000
0.000000 0.000000 24.575665
