Order: 
['V', 'V', 'Cu', 'Cu', 'V', 'V', 'Cu', 'Cu', 'V', 'V', 'Cu', 'Cu'] 
Coordinates: 
0.0000000 0.0000000 10.0000000
2.4906976 0.0000000 10.0000000
1.2453488 2.4044208 10.0000000
-1.2453488 2.4044208 10.0000000
2.4906976 1.2900351 12.1305830
0.0000000 1.2900351 12.1305830
-1.2453488 3.6944559 12.1305830
1.2453488 3.6944559 12.1305830
0.0000022 2.6368325 14.1613253
2.4906921 2.6368265 14.1613289
3.7359989 0.2551536 14.2881354
1.2450637 0.2551365 14.2881462

Crystal Axes: 
4.981395 0.000000 0.000000
-2.490698 4.808842 0.000000
0.000000 0.000000 24.261166
