Order: 
['V', 'V', 'Cd', 'Cd', 'V', 'V', 'Cd', 'Cd', 'V', 'V', 'Cd', 'Cd'] 
Coordinates: 
0.0000000 0.0000000 10.0000000
2.7675629 0.0000000 10.0000000
1.3837814 2.6280290 10.0000000
-1.3837814 2.6280290 10.0000000
2.7675629 1.4572526 12.3528322
0.0000000 1.4572526 12.3528322
-1.3837814 4.0852816 12.3528322
1.3837814 4.0852816 12.3528322
0.0000406 2.4429081 14.3774646
2.7676073 2.4431458 14.3774345
1.3845741 5.1956742 15.0745688
-1.3845525 5.1956742 15.0745849

Crystal Axes: 
5.535126 0.000000 0.000000
-2.767563 5.256058 0.000000
0.000000 0.000000 24.705664
