Order: 
['V', 'V', 'Cr', 'Cr', 'V', 'V', 'Cr', 'Cr', 'V', 'V', 'Cr', 'Cr'] 
Coordinates: 
0.0000000 0.0000000 10.0000000
2.4045814 0.0000000 10.0000000
1.2022907 2.5017419 10.0000000
-1.2022907 2.5017419 10.0000000
2.4045814 1.1555972 12.1086979
0.0000000 1.1555972 12.1086979
-1.2022907 3.6573391 12.1086979
1.2022907 3.6573391 12.1086979
0.0000177 2.3318127 14.2432257
2.4046028 2.3318158 14.2432176
1.2022697 4.8033122 14.1236664
-1.2023105 4.8033137 14.1236186

Crystal Axes: 
4.809163 0.000000 0.000000
-2.404581 5.003484 0.000000
0.000000 0.000000 24.217396
