Order: 
['V', 'V', 'Hg', 'Hg', 'V', 'V', 'Hg', 'Hg', 'V', 'V', 'Hg', 'Hg'] 
Coordinates: 
0.0000000 0.0000000 10.0000000
2.9087499 0.0000000 10.0000000
1.4543749 2.5293001 10.0000000
-1.4543749 2.5293001 10.0000000
2.9087499 1.6725627 12.3797815
-0.0000000 1.6725627 12.3797815
-1.4543749 4.2018628 12.3797815
1.4543749 4.2018628 12.3797815
0.0000116 2.2195034 14.1284308
2.9087609 2.2195613 14.1283886
1.4546255 4.9516979 15.3689109
-1.4546217 4.9516931 15.3689172

Crystal Axes: 
5.817500 0.000000 0.000000
-2.908750 5.058600 0.000000
0.000000 0.000000 24.759563
