Order: 
['V', 'V', 'Hf', 'Hf', 'V', 'V', 'Hf', 'Hf', 'V', 'V', 'Hf', 'Hf'] 
Coordinates: 
0.0000000 0.0000000 10.0000000
3.7972902 2.6818909 10.0000000
2.8457072 0.0000000 10.0000000
0.9515830 2.6818909 10.0000000
5.6914143 4.0196434 12.3244262
1.8941241 1.3377525 12.3244262
2.8457072 4.0196434 12.3244262
4.7398313 1.3377525 12.3244262
3.7881297 2.6754213 14.4931546
7.5852624 5.3572013 14.4931539
6.6354080 2.6763322 14.5896728
4.7410962 5.3584892 14.5896752

Crystal Axes: 
5.691414 0.000000 0.000000
1.903166 5.363782 0.000000
0.000000 0.000000 24.648852
