Order: 
['V', 'V', 'Ir', 'Ir', 'V', 'V', 'Ir', 'Ir', 'V', 'V', 'Ir', 'Ir'] 
Coordinates: 
0.0000000 0.0000000 10.0000000
3.9610240 2.3618225 10.0000000
2.6846488 0.0000000 10.0000000
1.2763752 2.3618225 10.0000000
5.3692976 3.2015277 12.2075101
1.4082736 0.8397052 12.2075101
2.6846488 3.2015277 12.2075101
4.0929224 0.8397052 12.2075101
2.8629607 1.7070835 14.3263995
6.8240876 4.0689688 14.3264405
5.5746979 1.7230176 14.3314003
4.1662324 4.0851644 14.3313996

Crystal Axes: 
5.369298 0.000000 0.000000
2.552750 4.723645 0.000000
0.000000 0.000000 24.415020
