Order: 
['V', 'V', 'La', 'La', 'V', 'V', 'La', 'La', 'V', 'V', 'La', 'La'] 
Coordinates: 
0.0000000 0.0000000 10.0000000
4.1771604 2.9554288 10.0000000
3.1340942 0.0000000 10.0000000
1.0430662 2.9554288 10.0000000
6.2681884 4.4348751 12.5584757
2.0910280 1.4794463 12.5584757
3.1340942 4.4348751 12.5584757
5.2251223 1.4794463 12.5584757
4.1834841 2.9598908 14.5480284
0.0062500 0.0044410 14.5479970
1.0476269 2.9587170 15.2226249
3.1386967 0.0032011 15.2226482

Crystal Axes: 
6.268188 0.000000 0.000000
2.086132 5.910858 0.000000
0.000000 0.000000 25.116951
