Order: 
['V', 'V', 'Mo', 'Mo', 'V', 'V', 'Mo', 'Mo', 'V', 'V', 'Mo', 'Mo'] 
Coordinates: 
0.0000000 0.0000000 10.0000000
2.5656461 0.0000000 10.0000000
1.2828231 2.6147494 10.0000000
-1.2828231 2.6147494 10.0000000
2.5656461 1.2587325 12.2356504
-0.0000000 1.2587325 12.2356504
-1.2828231 3.8734819 12.2356504
1.2828231 3.8734819 12.2356504
0.0000215 2.4799342 14.3845863
2.5656672 2.4799334 14.3845933
1.2825503 5.1754371 14.4744396
-1.2830979 5.1754368 14.4744394

Crystal Axes: 
5.131292 0.000000 0.000000
-2.565646 5.229499 0.000000
0.000000 0.000000 24.471301
