Order: 
['V', 'V', 'Nb', 'Nb', 'V', 'V', 'Nb', 'Nb', 'V', 'V', 'Nb', 'Nb'] 
Coordinates: 
0.0000000 0.0000000 10.0000000
2.6448847 0.0000000 10.0000000
1.3224423 2.6760246 10.0000000
-1.3224423 2.6760246 10.0000000
2.6448847 1.3070536 12.2993534
-0.0000000 1.3070536 12.2993534
-1.3224423 3.9830782 12.2993534
1.3224423 3.9830782 12.2993534
-0.0000043 2.5441186 14.4038275
2.6448667 2.5441074 14.4038222
1.3225125 5.3485174 14.6165758
-1.3223795 5.3485309 14.6165887

Crystal Axes: 
5.289769 0.000000 0.000000
-2.644885 5.352049 0.000000
0.000000 0.000000 24.598707
