Order: 
['V', 'V', 'Os', 'Os', 'V', 'V', 'Os', 'Os', 'V', 'V', 'Os', 'Os'] 
Coordinates: 
0.0000000 0.0000000 10.0000000
3.4906709 2.4663875 10.0000000
2.6166676 0.0000000 10.0000000
0.8740034 2.4663875 10.0000000
5.2333351 3.6976938 12.1370428
1.7426642 1.2313063 12.1370428
2.6166676 3.6976938 12.1370428
4.3593317 1.2313063 12.1370428
3.4861309 2.4631818 14.3347571
6.9767528 4.9295302 14.3347483
6.1027173 2.4631638 14.1253445
4.3601032 4.9295010 14.1253495

Crystal Axes: 
5.233335 0.000000 0.000000
1.748007 4.932775 0.000000
0.000000 0.000000 24.274086
