Order: 
['V', 'V', 'Pd', 'Pd', 'V', 'V', 'Pd', 'Pd', 'V', 'V', 'Pd', 'Pd'] 
Coordinates: 
0.0000000 0.0000000 10.0000000
2.7013897 0.0000000 10.0000000
1.3506949 2.3910636 10.0000000
-1.3506949 2.3910636 10.0000000
2.7013897 1.5259959 12.2290902
0.0000000 1.5259959 12.2290902
-1.3506949 3.9170595 12.2290902
1.3506949 3.9170595 12.2290902
-0.0000002 3.0232652 14.2915299
2.7013896 3.0232718 14.2915271
4.0520979 0.7385394 14.4824256
1.3506813 0.7385397 14.4824263

Crystal Axes: 
5.402779 0.000000 0.000000
-2.701390 4.782127 0.000000
0.000000 0.000000 24.458180
