Order: 
['V', 'V', 'Pt', 'Pt', 'V', 'V', 'Pt', 'Pt', 'V', 'V', 'Pt', 'Pt'] 
Coordinates: 
0.0000000 0.0000000 10.0000000
2.7087742 0.0000000 10.0000000
1.3543871 2.3800170 10.0000000
-1.3543871 2.3800170 10.0000000
2.7087742 1.5414716 12.2274027
-0.0000000 1.5414716 12.2274027
-1.3543871 3.9214886 12.2274027
1.3543871 3.9214886 12.2274027
-0.0000000 3.1507941 14.3521920
2.7087742 3.1508233 14.3521791
4.0632572 0.8787669 14.4264858
1.3542907 0.8787671 14.4264858

Crystal Axes: 
5.417548 0.000000 0.000000
-2.708774 4.760034 0.000000
0.000000 0.000000 24.454805
