Order: 
['V', 'V', 'Ru', 'Ru', 'V', 'V', 'Ru', 'Ru', 'V', 'V', 'Ru', 'Ru'] 
Coordinates: 
0.0000000 0.0000000 10.0000000
3.4835973 2.4549047 10.0000000
2.6067891 0.0000000 10.0000000
0.8768082 2.4549047 10.0000000
5.2135783 3.6740291 12.1307963
1.7299810 1.2191244 12.1307963
2.6067891 3.6740291 12.1307963
4.3367701 1.2191244 12.1307963
3.4642554 2.4412744 14.2990175
6.9478552 4.8961807 14.2990199
6.0711216 2.4413043 14.1246019
4.3411184 4.8962421 14.1246012

Crystal Axes: 
5.213578 0.000000 0.000000
1.753616 4.909809 0.000000
0.000000 0.000000 24.261593
