Order: 
['V', 'V', 'Rh', 'Rh', 'V', 'V', 'Rh', 'Rh', 'V', 'V', 'Rh', 'Rh'] 
Coordinates: 
0.0000000 0.0000000 10.0000000
3.9292696 2.3533636 10.0000000
2.6693867 0.0000000 10.0000000
1.2598830 2.3533636 10.0000000
5.3387733 3.1975598 12.1967369
1.4095037 0.8441962 12.1967369
2.6693867 3.1975598 12.1967369
4.0788904 0.8441962 12.1967369
2.8075767 1.6815463 14.2730790
6.7368440 4.0349087 14.2730913
5.5233105 1.7093050 14.3411401
4.1138072 4.0626686 14.3411400

Crystal Axes: 
5.338773 0.000000 0.000000
2.519766 4.706727 0.000000
0.000000 0.000000 24.393474
