Order: 
['V', 'V', 'Re', 'Re', 'V', 'V', 'Re', 'Re', 'V', 'V', 'Re', 'Re'] 
Coordinates: 
0.0000000 0.0000000 10.0000000
3.5090691 2.4785295 10.0000000
2.6298534 0.0000000 10.0000000
0.8792157 2.4785295 10.0000000
5.2597067 3.7150418 12.1480563
1.7506377 1.2365123 12.1480563
2.6298534 3.7150418 12.1480563
4.3804910 1.2365123 12.1480563
3.5031840 2.4743720 14.2647785
7.0122542 4.9529014 14.2647855
6.1330808 2.4744119 14.1942575
4.3824561 4.9529404 14.1942576

Crystal Axes: 
5.259707 0.000000 0.000000
1.758431 4.957059 0.000000
0.000000 0.000000 24.296113
