Order: 
['V', 'V', 'Ta', 'Ta', 'V', 'V', 'Ta', 'Ta', 'V', 'V', 'Ta', 'Ta'] 
Coordinates: 
0.0000000 0.0000000 10.0000000
3.6490445 2.5886531 10.0000000
2.7427249 0.0000000 10.0000000
0.9063195 2.5886531 10.0000000
5.4854499 3.8914097 12.2369511
1.8364054 1.3027566 12.2369511
2.7427249 3.8914097 12.2369511
4.5791304 1.3027566 12.2369511
3.6697125 2.6033153 14.3702485
0.0206658 0.0146597 14.3703347
0.9237150 2.6009809 14.4097237
2.7600995 0.0123387 14.4097249

Crystal Axes: 
5.485450 0.000000 0.000000
1.812639 5.177306 0.000000
0.000000 0.000000 24.473902
