Order: 
['V', 'V', 'Tc', 'Tc', 'V', 'V', 'Tc', 'Tc', 'V', 'V', 'Tc', 'Tc'] 
Coordinates: 
0.0000000 0.0000000 10.0000000
3.4929002 2.4679752 10.0000000
2.6183476 0.0000000 10.0000000
0.8745526 2.4679752 10.0000000
5.2366951 3.7000867 12.1384113
1.7437949 1.2321115 12.1384113
2.6183476 3.7000867 12.1384113
4.3621425 1.2321115 12.1384113
3.4892762 2.4654135 14.2096401
6.9821744 4.9333889 14.2096191
6.1075554 2.4653702 14.1932823
4.3637714 4.9333441 14.1932828

Crystal Axes: 
5.236695 0.000000 0.000000
1.749105 4.935950 0.000000
0.000000 0.000000 24.276823
