Order: 
['V', 'V', 'W', 'W', 'V', 'V', 'W', 'W', 'V', 'V', 'W', 'W'] 
Coordinates: 
0.0000000 0.0000000 10.0000000
2.6027301 0.0000000 10.0000000
1.3013651 2.5996441 10.0000000
-1.3013651 2.5996441 10.0000000
2.6027301 1.3029099 12.2531378
0.0000000 1.3029099 12.2531378
-1.3013651 3.9025540 12.2531378
1.3013651 3.9025540 12.2531378
-0.0000203 2.5674792 14.4230891
2.6027094 2.5674638 14.4230793
3.9040162 0.0436178 14.4867687
1.3014132 0.0436158 14.4867675

Crystal Axes: 
5.205460 0.000000 0.000000
-2.602730 5.199288 0.000000
0.000000 0.000000 24.506276
