Order: 
['V', 'V', 'Y', 'Y', 'V', 'V', 'Y', 'Y', 'V', 'V', 'Y', 'Y'] 
Coordinates: 
0.0000000 0.0000000 10.0000000
4.5319658 2.7484195 10.0000000
3.0993751 0.0000000 10.0000000
1.4325907 2.7484195 10.0000000
6.1987502 3.7592442 12.5557863
1.6667844 1.0108247 12.5557863
3.0993751 3.7592442 12.5557863
4.7661595 1.0108247 12.5557863
1.3386319 0.8118599 14.3715858
5.8705153 3.5601402 14.3714347
4.4738467 0.8336940 15.7346566
2.8080728 3.5824328 15.7348307

Crystal Axes: 
6.198750 0.000000 0.000000
2.865181 5.496839 0.000000
0.000000 0.000000 25.111573
