Order: 
['V', 'V', 'Zn', 'Zn', 'V', 'V', 'Zn', 'Zn', 'V', 'V', 'Zn', 'Zn'] 
Coordinates: 
0.0000000 0.0000000 10.0000000
2.5762453 0.0000000 10.0000000
1.2881226 2.4364845 10.0000000
-1.2881226 2.4364845 10.0000000
2.5762453 1.3620115 12.1867703
0.0000000 1.3620115 12.1867703
-1.2881226 3.7984960 12.1867703
1.2881226 3.7984960 12.1867703
0.0000836 2.6446538 14.2649348
2.5763273 2.6446607 14.2649391
3.8646056 0.2531038 14.5331577
1.2883423 0.2531051 14.5331625

Crystal Axes: 
5.152491 0.000000 0.000000
-2.576245 4.872969 0.000000
0.000000 0.000000 24.373541
