Order: 
['V', 'V', 'Zr', 'Zr', 'V', 'V', 'Zr', 'Zr', 'V', 'V', 'Zr', 'Zr'] 
Coordinates: 
0.0000000 0.0000000 10.0000000
3.8262437 2.7055759 10.0000000
2.8696920 0.0000000 10.0000000
0.9565517 2.7055759 10.0000000
5.7393840 4.0583768 12.3430899
1.9131402 1.3528009 12.3430899
2.8696920 4.0583768 12.3430899
4.7828322 1.3528009 12.3430899
3.8262576 2.7055814 14.4615955
0.0000543 0.0000429 14.4616414
0.9566114 2.7055496 14.6654180
2.8696854 0.0000636 14.6654174

Crystal Axes: 
5.739384 0.000000 0.000000
1.913103 5.411152 0.000000
0.000000 0.000000 24.686180
