Order: 
['W', 'W', 'Au', 'Au', 'W', 'W', 'Au', 'Au', 'W', 'W', 'Au', 'Au'] 
Coordinates: 
0.0000000 0.0000000 10.0000000
2.7671064 0.0000000 10.0000000
1.3835532 2.5937249 10.0000000
-1.3835532 2.5937249 10.0000000
2.7671064 1.4760389 12.3405527
-0.0000000 1.4760389 12.3405527
-1.3835532 4.0697638 12.3405527
1.3835532 4.0697638 12.3405527
0.0000436 2.9126263 14.5472193
2.7671428 2.9126251 14.5472163
4.1506172 0.3940833 14.8170369
1.3835047 0.3940835 14.8170297

Crystal Axes: 
5.534213 0.000000 0.000000
-2.767106 5.187450 0.000000
0.000000 0.000000 24.681105
