Order: 
['W', 'W', 'Hg', 'Hg', 'W', 'W', 'Hg', 'Hg', 'W', 'W', 'Hg', 'Hg'] 
Coordinates: 
0.0000000 0.0000000 10.0000000
2.8321117 0.0000000 10.0000000
1.4160558 2.6947628 10.0000000
-1.4160558 2.6947628 10.0000000
2.8321117 1.4882305 12.4095698
0.0000000 1.4882305 12.4095698
-1.4160558 4.1829933 12.4095698
1.4160558 4.1829933 12.4095698
0.0000122 2.5684323 14.6514031
2.8321195 2.5683606 14.6514217
1.4157525 5.3505058 15.3042025
-1.4157564 5.3504967 15.3041795

Crystal Axes: 
5.664223 0.000000 0.000000
-2.832112 5.389526 0.000000
0.000000 0.000000 24.819140
