Order: 
['W', 'W', 'Ir', 'Ir', 'W', 'W', 'Ir', 'Ir', 'W', 'W', 'Ir', 'Ir'] 
Coordinates: 
0.0000000 0.0000000 10.0000000
2.7806198 0.0000000 10.0000000
1.3903099 2.4093381 10.0000000
-1.3903099 2.4093381 10.0000000
2.7806198 1.6045582 12.2709556
0.0000000 1.6045582 12.2709556
-1.3903099 4.0138963 12.2709556
1.3903099 4.0138963 12.2709556
0.0000006 3.2417715 14.4413516
2.7806197 3.2417723 14.4413505
4.1709313 0.8858100 14.4649217
1.3903093 0.8858105 14.4649220

Crystal Axes: 
5.561240 0.000000 0.000000
-2.780620 4.818676 0.000000
0.000000 0.000000 24.541911
