Order: 
['W', 'W', 'Os', 'Os', 'W', 'W', 'Os', 'Os', 'W', 'W', 'Os', 'Os'] 
Coordinates: 
0.0000000 0.0000000 10.0000000
4.1438061 2.4186723 10.0000000
2.7777729 0.0000000 10.0000000
1.3660332 2.4186723 10.0000000
5.5555459 3.2426819 12.2739798
1.4117398 0.8240096 12.2739798
2.7777729 3.2426819 12.2739798
4.1895127 0.8240096 12.2739798
2.8215491 1.6468935 14.4355166
6.9653542 4.0655633 14.4355150
5.5903774 1.6416735 14.4657210
4.1786405 4.0603447 14.4657206

Crystal Axes: 
5.555546 0.000000 0.000000
2.732066 4.837345 0.000000
0.000000 0.000000 24.547960
