Order: 
['W', 'W', 'Pt', 'Pt', 'W', 'W', 'Pt', 'Pt', 'W', 'W', 'Pt', 'Pt'] 
Coordinates: 
0.0000000 0.0000000 10.0000000
2.7444875 0.0000000 10.0000000
1.3722438 2.4905923 10.0000000
-1.3722438 2.4905923 10.0000000
2.7444875 1.5121326 12.2903421
0.0000000 1.5121326 12.2903421
-1.3722438 4.0027250 12.2903421
1.3722438 4.0027250 12.2903421
-0.0000190 3.1127508 14.4874036
2.7444710 3.1127491 14.4874017
4.1167102 0.7216922 14.5456926
1.3722254 0.7216922 14.5456928

Crystal Axes: 
5.488975 0.000000 0.000000
-2.744488 4.981185 0.000000
0.000000 0.000000 24.580684
