Order: 
['W', 'W', 'Re', 'Re', 'W', 'W', 'Re', 'Re', 'W', 'W', 'Re', 'Re'] 
Coordinates: 
0.0000000 0.0000000 10.0000000
4.1712234 2.4401186 10.0000000
2.7993326 0.0000000 10.0000000
1.3718907 2.4401186 10.0000000
5.5986653 3.2751561 12.2927912
1.4274419 0.8350374 12.2927912
2.7993326 3.2751561 12.2927912
4.2267745 0.8350374 12.2927912
2.8634858 1.6751083 14.5185559
7.0347032 4.1152238 14.5185548
5.6491309 1.6670944 14.5165612
4.2216843 4.1072120 14.5165597

Crystal Axes: 
5.598665 0.000000 0.000000
2.743781 4.880237 0.000000
0.000000 0.000000 24.585582
