Order: 
['Y', 'Y', 'Au', 'Au', 'Y', 'Y', 'Au', 'Au', 'Y', 'Y', 'Au', 'Au'] 
Coordinates: 
0.0000000 0.0000000 10.0000000
4.1843954 2.9559663 10.0000000
3.1362837 0.0000000 10.0000000
1.0481118 2.9559663 10.0000000
6.2725673 4.4311055 12.5615818
2.0881719 1.4751392 12.5615818
3.1362837 4.4311055 12.5615818
5.2244556 1.4751392 12.5615818
4.1780400 2.9515120 15.1220066
8.3624165 5.9074040 15.1220729
7.3138870 2.9509107 14.9432518
5.2255161 5.9072380 14.9432540

Crystal Axes: 
6.272567 0.000000 0.000000
2.096224 5.911933 0.000000
0.000000 0.000000 25.123164
