Order: 
['Y', 'Y', 'Hg', 'Hg', 'Y', 'Y', 'Hg', 'Hg', 'Y', 'Y', 'Hg', 'Hg'] 
Coordinates: 
0.0000000 0.0000000 10.0000000
4.3704565 3.0283565 10.0000000
3.2344256 0.0000000 10.0000000
1.1360309 3.0283565 10.0000000
6.4688513 4.4823665 12.6564634
2.0983948 1.4540100 12.6564634
3.2344256 4.4823665 12.6564634
5.3328204 1.4540100 12.6564634
4.2744125 2.9618481 15.2806299
8.6446930 5.9900234 15.2807040
7.5118029 2.9636319 15.3579875
5.4132635 5.9923946 15.3580026

Crystal Axes: 
6.468851 0.000000 0.000000
2.272062 6.056713 0.000000
0.000000 0.000000 25.312927
