Order: 
['Y', 'Y', 'Ir', 'Ir', 'Y', 'Y', 'Ir', 'Ir', 'Y', 'Y', 'Ir', 'Ir'] 
Coordinates: 
0.0000000 0.0000000 10.0000000
3.9716714 2.8089158 10.0000000
2.9791213 0.0000000 10.0000000
0.9925501 2.8089158 10.0000000
5.9582427 4.2138940 12.4322921
1.9865712 1.4049781 12.4322921
2.9791213 4.2138940 12.4322921
4.9656926 1.4049781 12.4322921
3.9726986 2.8096537 14.9195147
0.0010394 0.0007328 14.9195223
0.9937916 2.8098038 14.7211718
2.9803655 0.0008768 14.7211672

Crystal Axes: 
5.958243 0.000000 0.000000
1.985100 5.617832 0.000000
0.000000 0.000000 24.864584
