Order: 
['Y', 'Y', 'Os', 'Os', 'Y', 'Y', 'Os', 'Os', 'Y', 'Y', 'Os', 'Os'] 
Coordinates: 
0.0000000 0.0000000 10.0000000
3.9561548 2.7951531 10.0000000
2.9655111 0.0000000 10.0000000
0.9906438 2.7951531 10.0000000
5.9310221 4.1904615 12.4219816
1.9748673 1.3953085 12.4219816
2.9655111 4.1904615 12.4219816
4.9403783 1.3953085 12.4219816
3.9512243 2.7916750 14.8945561
7.9074299 5.5868645 14.8945467
6.9140068 2.7897112 14.7104042
4.9390805 5.5848610 14.7104326

Crystal Axes: 
5.931022 0.000000 0.000000
1.981288 5.590306 0.000000
0.000000 0.000000 24.843963
