Order: 
['Y', 'Y', 'Pt', 'Pt', 'Y', 'Y', 'Pt', 'Pt', 'Y', 'Y', 'Pt', 'Pt'] 
Coordinates: 
0.0000000 0.0000000 10.0000000
4.0539713 2.8667044 10.0000000
3.0405589 0.0000000 10.0000000
1.0134123 2.8667044 10.0000000
6.0811179 4.3001704 12.4825731
2.0271466 1.4334660 12.4825731
3.0405589 4.3001704 12.4825731
5.0677055 1.4334660 12.4825731
4.0542000 2.8668872 14.9633652
0.0002322 0.0001388 14.9633724
1.0136783 2.8668747 14.7519795
3.0407932 0.0001770 14.7519711

Crystal Axes: 
6.081118 0.000000 0.000000
2.026825 5.733409 0.000000
0.000000 0.000000 24.965146
