Order: 
['Y', 'Y', 'Re', 'Re', 'Y', 'Y', 'Re', 'Re', 'Y', 'Y', 'Re', 'Re'] 
Coordinates: 
0.0000000 0.0000000 10.0000000
3.9511514 2.8357321 10.0000000
2.9931748 0.0000000 10.0000000
0.9579766 2.8357321 10.0000000
5.9863496 4.2963890 12.4306085
2.0351982 1.4606570 12.4306085
2.9931748 4.2963890 12.4306085
5.0283730 1.4606570 12.4306085
4.7918951 3.4393218 15.2188224
0.8411919 0.6038867 15.2191257
2.0297072 3.6054479 14.4715565
4.0653878 0.7691975 14.4711883

Crystal Axes: 
5.986350 0.000000 0.000000
1.915953 5.671464 0.000000
0.000000 0.000000 24.861217
