Order: 
['Y', 'Y', 'Ta', 'Ta', 'Y', 'Y', 'Ta', 'Ta', 'Y', 'Y', 'Ta', 'Ta'] 
Coordinates: 
0.0000000 0.0000000 10.0000000
3.0241501 0.0000000 10.0000000
1.5120750 2.9429835 10.0000000
-1.5120750 2.9429835 10.0000000
3.0241501 1.5537776 12.5944670
0.0000000 1.5537776 12.5944670
-1.5120750 4.4967611 12.5944670
1.5120750 4.4967611 12.5944670
0.0002914 3.2368197 15.3358446
3.0244448 3.2368121 15.3358602
4.5361484 0.0770121 14.9075145
1.5120103 0.0770154 14.9075318

Crystal Axes: 
6.048300 0.000000 0.000000
-3.024150 5.885967 0.000000
0.000000 0.000000 25.188934
