Order: 
['Y', 'Y', 'W', 'W', 'Y', 'Y', 'W', 'W', 'Y', 'Y', 'W', 'W'] 
Coordinates: 
0.0000000 0.0000000 10.0000000
2.9206181 0.0000000 10.0000000
1.4603090 2.8807505 10.0000000
-1.4603090 2.8807505 10.0000000
2.9206181 1.4805187 12.5175532
0.0000000 1.4805187 12.5175532
-1.4603090 4.3612692 12.5175532
1.4603090 4.3612692 12.5175532
-0.0000389 3.0928816 15.2566436
2.9205919 3.0928811 15.2566522
1.4603600 5.7096389 14.6999432
-1.4602365 5.7096329 14.6999204

Crystal Axes: 
5.841236 0.000000 0.000000
-2.920618 5.761501 0.000000
0.000000 0.000000 25.035106
