Order: 
['Zn', 'Zn', 'Pd', 'Pd', 'Zn', 'Zn', 'Pd', 'Pd', 'Zn', 'Zn', 'Pd', 'Pd'] 
Coordinates: 
0.0000000 0.0000000 10.0000000
3.7836860 2.4616162 10.0000000
2.6925905 0.0000000 10.0000000
1.0910955 2.4616162 10.0000000
5.3851810 3.5035277 12.2302409
1.6014950 1.0419115 12.2302409
2.6925905 3.5035277 12.2302409
4.2940855 1.0419115 12.2302409
3.3600708 2.1860020 14.5579810
7.1437536 4.6476535 14.5579896
6.0600049 2.1907993 14.3738782
4.4584974 4.6524062 14.3738787

Crystal Axes: 
5.385181 0.000000 0.000000
2.182191 4.923232 0.000000
0.000000 0.000000 24.460482
