Order: 
['Zn', 'Zn', 'Hf', 'Hf', 'Zn', 'Zn', 'Hf', 'Hf', 'Zn', 'Zn', 'Hf', 'Hf'] 
Coordinates: 
0.0000000 0.0000000 10.0000000
3.8117865 2.6945343 10.0000000
2.8582702 0.0000000 10.0000000
0.9535163 2.6945343 10.0000000
5.7165403 4.0409960 12.3340000
1.9047539 1.3464617 12.3340000
2.8582702 4.0409960 12.3340000
4.7630240 1.3464617 12.3340000
3.8097746 2.6931190 14.8371445
7.6215690 5.3876472 14.8371460
6.6679871 2.6930684 14.5839329
4.7632432 5.3876148 14.5839285

Crystal Axes: 
5.716540 0.000000 0.000000
1.907033 5.389069 0.000000
0.000000 0.000000 24.668000
