Order: 
['Zn', 'Zn', 'Re', 'Re', 'Zn', 'Zn', 'Re', 'Re', 'Zn', 'Zn', 'Re', 'Re'] 
Coordinates: 
0.0000000 0.0000000 10.0000000
2.6301417 0.0000000 10.0000000
1.3150709 2.5030663 10.0000000
-1.3150709 2.5030663 10.0000000
2.6301417 1.3818343 12.2378963
-0.0000000 1.3818343 12.2378963
-1.3150709 3.8849006 12.2378963
1.3150709 3.8849006 12.2378963
-0.0000835 2.7186988 14.6721875
2.6300937 2.7186979 14.6721626
3.9452161 0.1771764 14.3698145
1.3150834 0.1772009 14.3698393

Crystal Axes: 
5.260283 0.000000 0.000000
-2.630142 5.006133 0.000000
0.000000 0.000000 24.475793
