Order: 
['Zn', 'Zn', 'Ir', 'Ir', 'Zn', 'Zn', 'Ir', 'Ir', 'Zn', 'Zn', 'Ir', 'Ir'] 
Coordinates: 
0.0000000 0.0000000 10.0000000
3.5190039 2.4847737 10.0000000
2.6367531 0.0000000 10.0000000
0.8822508 2.4847737 10.0000000
5.2735062 3.7236303 12.1539115
1.7545023 1.2388566 12.1539115
2.6367531 3.7236303 12.1539115
4.3912554 1.2388566 12.1539115
3.5096578 2.4781540 14.4606751
7.0286419 4.9629511 14.4606793
6.1459918 2.4778802 14.1996979
4.3914945 4.9626525 14.1997037

Crystal Axes: 
5.273506 0.000000 0.000000
1.764502 4.969547 0.000000
0.000000 0.000000 24.307823
