Order: 
['Zn', 'Zn', 'Zr', 'Zr', 'Zn', 'Zn', 'Zr', 'Zr', 'Zn', 'Zn', 'Zr', 'Zr'] 
Coordinates: 
0.0000000 0.0000000 10.0000000
3.8617446 2.7307091 10.0000000
2.8963391 0.0000000 10.0000000
0.9654055 2.7307091 10.0000000
5.7926781 4.0961069 12.3648384
1.9309335 1.3653978 12.3648384
2.8963391 4.0961069 12.3648384
4.8272726 1.3653978 12.3648384
3.8618809 2.7307433 14.8796211
0.0000411 0.0000857 14.8796247
0.9655011 2.7307647 14.6330817
2.8963827 0.0000478 14.6330853

Crystal Axes: 
5.792678 0.000000 0.000000
1.930811 5.461418 0.000000
0.000000 0.000000 24.729677
