Order: 
['Zn', 'Zn', 'Mo', 'Mo', 'Zn', 'Zn', 'Mo', 'Mo', 'Zn', 'Zn', 'Mo', 'Mo'] 
Coordinates: 
0.0000000 0.0000000 10.0000000
2.6549184 0.0000000 10.0000000
1.3274592 2.5106179 10.0000000
-1.3274592 2.5106179 10.0000000
2.6549184 1.4037564 12.2534551
0.0000000 1.4037564 12.2534551
-1.3274592 3.9143743 12.2534551
1.3274592 3.9143743 12.2534551
-0.0000718 2.7621663 14.6840871
2.6548385 2.7621529 14.6840790
3.9826059 0.2386438 14.4070153
1.3276808 0.2386752 14.4070846

Crystal Axes: 
5.309837 0.000000 0.000000
-2.654918 5.021236 0.000000
0.000000 0.000000 24.506910
