Order: 
['Zn', 'Zn', 'Ta', 'Ta', 'Zn', 'Zn', 'Ta', 'Ta', 'Zn', 'Zn', 'Ta', 'Ta'] 
Coordinates: 
0.0000000 0.0000000 10.0000000
4.2412595 2.4608930 10.0000000
2.8345679 0.0000000 10.0000000
1.4066916 2.4608930 10.0000000
5.6691359 3.2893853 12.3172386
1.4278764 0.8284923 12.3172386
2.8345679 3.2893853 12.3172386
4.2624443 0.8284923 12.3172386
2.8282018 1.6409787 14.7548942
7.0694393 4.1019018 14.7548909
5.6669624 1.6434316 14.5601341
4.2390687 4.1043135 14.5601292

Crystal Axes: 
5.669136 0.000000 0.000000
2.813383 4.921786 0.000000
0.000000 0.000000 24.634477
