Order: 
['Zn', 'Zn', 'Hg', 'Hg', 'Zn', 'Zn', 'Hg', 'Hg', 'Zn', 'Zn', 'Hg', 'Hg'] 
Coordinates: 
0.0000000 0.0000000 10.0000000
4.3135929 2.9234771 10.0000000
3.1474692 0.0000000 10.0000000
1.1661236 2.9234771 10.0000000
6.2949385 4.2663064 12.5968304
1.9813456 1.3428292 12.5968304
3.1474692 4.2663064 12.5968304
5.1288149 1.3428292 12.5968304
3.9399930 2.6701767 15.0844176
8.2639457 5.6008401 15.0856040
7.1553619 2.7188828 15.9771293
5.1763795 5.6387788 15.9772312

Crystal Axes: 
6.294938 0.000000 0.000000
2.332247 5.846954 0.000000
0.000000 0.000000 25.193661
