Order: 
['Zn', 'Zn', 'Cd', 'Cd', 'Zn', 'Zn', 'Cd', 'Cd', 'Zn', 'Zn', 'Cd', 'Cd'] 
Coordinates: 
0.0000000 0.0000000 10.0000000
4.5224466 2.6714319 10.0000000
3.0502374 0.0000000 10.0000000
1.4722092 2.6714319 10.0000000
6.1004748 3.6035810 12.5035267
1.5780282 0.9321492 12.5035267
3.0502374 3.6035810 12.5035267
4.6282656 0.9321492 12.5035267
3.1380925 1.8536981 15.0180763
7.6604895 4.5251209 15.0180539
6.2118816 1.8675931 15.2824757
4.6338616 4.5390590 15.2824249

Crystal Axes: 
6.100475 0.000000 0.000000
2.944418 5.342864 0.000000
0.000000 0.000000 25.007053
