Order: 
['Zn', 'Zn', 'La', 'La', 'Zn', 'Zn', 'La', 'La', 'Zn', 'Zn', 'La', 'La'] 
Coordinates: 
0.0000000 0.0000000 10.0000000
4.3443253 3.1424040 10.0000000
3.3086686 0.0000000 10.0000000
1.0356567 3.1424040 10.0000000
6.6173372 4.7865539 12.6779608
2.2730119 1.6441498 12.6779608
3.3086686 4.7865539 12.6779608
5.5816805 1.6441498 12.6779608
4.4564179 3.2235607 15.2156283
0.1121346 0.0810451 15.2156407
1.1410988 3.2186544 15.2392531
3.4141817 0.0763079 15.2392358

Crystal Axes: 
6.617337 0.000000 0.000000
2.071313 6.284808 0.000000
0.000000 0.000000 25.355922
