Order: 
['Zn', 'Zn', 'Pt', 'Pt', 'Zn', 'Zn', 'Pt', 'Pt', 'Zn', 'Zn', 'Pt', 'Pt'] 
Coordinates: 
0.0000000 0.0000000 10.0000000
3.8506563 2.4531882 10.0000000
2.7067705 0.0000000 10.0000000
1.1438858 2.4531882 10.0000000
5.4135411 3.4488757 12.2420389
1.5628848 0.9956875 12.2420389
2.7067705 3.4488757 12.2420389
4.2696553 0.9956875 12.2420389
3.2522155 2.0719241 14.5911679
7.1028676 4.5251198 14.5911626
5.9691221 2.0783890 14.3978774
4.4062347 4.5315741 14.3978788

Crystal Axes: 
5.413541 0.000000 0.000000
2.287772 4.906376 0.000000
0.000000 0.000000 24.484078
