Order: 
['Zn', 'Zn', 'Os', 'Os', 'Zn', 'Zn', 'Os', 'Os', 'Zn', 'Zn', 'Os', 'Os'] 
Coordinates: 
0.0000000 0.0000000 10.0000000
2.6578195 0.0000000 10.0000000
1.3289097 2.4487439 10.0000000
-1.3289097 2.4487439 10.0000000
2.6578195 1.4423731 12.2323898
-0.0000000 1.4423731 12.2323898
-1.3289097 3.8911169 12.2323898
1.3289097 3.8911169 12.2323898
-0.0002666 2.6650526 14.6507602
2.6577001 2.6650547 14.6507621
3.9866250 0.1806065 14.3326260
1.3288067 0.1806801 14.3326549

Crystal Axes: 
5.315639 0.000000 0.000000
-2.657819 4.897488 0.000000
0.000000 0.000000 24.464780
