Order: 
['Zn', 'Zn', 'Ru', 'Ru', 'Zn', 'Zn', 'Ru', 'Ru', 'Zn', 'Zn', 'Ru', 'Ru'] 
Coordinates: 
0.0000000 0.0000000 10.0000000
3.5098652 2.4742254 10.0000000
2.6270161 0.0000000 10.0000000
0.8828490 2.4742254 10.0000000
5.2540323 3.7037492 12.1471057
1.7441671 1.2295238 12.1471057
2.6270161 3.7037492 12.1471057
4.3711833 1.2295238 12.1471057
3.4882336 2.4587765 14.4061110
6.9979093 4.9332680 14.4061096
6.1152408 2.4589702 14.1830008
4.3698193 4.9323117 14.1830190

Crystal Axes: 
5.254032 0.000000 0.000000
1.765698 4.948451 0.000000
0.000000 0.000000 24.294211
