Order: 
['Zn', 'Zn', 'Rh', 'Rh', 'Zn', 'Zn', 'Rh', 'Rh', 'Zn', 'Zn', 'Rh', 'Rh'] 
Coordinates: 
0.0000000 0.0000000 10.0000000
3.5070702 2.4798501 10.0000000
2.6302864 0.0000000 10.0000000
0.8767838 2.4798501 10.0000000
5.2605728 3.7197522 12.1476265
1.7535026 1.2399021 12.1476265
2.6302864 3.7197522 12.1476265
4.3837890 1.2399021 12.1476265
3.5068884 2.4799831 14.3758363
1.7536301 4.9594839 14.3758337
0.8768834 2.4799220 14.2209885
4.3836353 4.9595428 14.2209983

Crystal Axes: 
5.260573 0.000000 0.000000
1.753568 4.959700 0.000000
0.000000 0.000000 24.295253
