Order: 
['Zn', 'Zn', 'Tc', 'Tc', 'Zn', 'Zn', 'Tc', 'Tc', 'Zn', 'Zn', 'Tc', 'Tc'] 
Coordinates: 
0.0000000 0.0000000 10.0000000
2.6269988 0.0000000 10.0000000
1.3134994 2.4707236 10.0000000
-1.3134994 2.4707236 10.0000000
2.6269988 1.3965793 12.2250144
0.0000000 1.3965793 12.2250144
-1.3134994 3.8673029 12.2250144
1.3134994 3.8673029 12.2250144
0.0000380 2.5809013 14.6592521
2.6270818 2.5809025 14.6592470
3.9404317 0.0709182 14.3083087
1.3134336 0.0708550 14.3083073

Crystal Axes: 
5.253998 0.000000 0.000000
-2.626999 4.941447 0.000000
0.000000 0.000000 24.450029
