Order: 
['Zn', 'Zn', 'Nb', 'Nb', 'Zn', 'Zn', 'Nb', 'Nb', 'Zn', 'Zn', 'Nb', 'Nb'] 
Coordinates: 
0.0000000 0.0000000 10.0000000
4.2466075 2.4659156 10.0000000
2.8392564 0.0000000 10.0000000
1.4073511 2.4659156 10.0000000
5.6785128 3.2973929 12.3215050
1.4319053 0.8314773 12.3215050
2.8392564 3.2973929 12.3215050
4.2711617 0.8314773 12.3215050
2.8371832 1.6475077 14.7490688
7.0837991 4.1134006 14.7490683
5.6831693 1.6514008 14.5508556
4.2512514 4.1173095 14.5508576

Crystal Axes: 
5.678513 0.000000 0.000000
2.814702 4.931831 0.000000
0.000000 0.000000 24.643010
