Order: 
['Zn', 'Zn', 'Y', 'Y', 'Zn', 'Zn', 'Y', 'Y', 'Zn', 'Zn', 'Y', 'Y'] 
Coordinates: 
0.0000000 0.0000000 10.0000000
4.1387932 2.9265744 10.0000000
3.1040989 0.0000000 10.0000000
1.0346943 2.9265744 10.0000000
6.2081978 4.3898673 12.5344845
2.0694046 1.4632929 12.5344845
3.1040989 4.3898673 12.5344845
5.1735035 1.4632929 12.5344845
4.1387136 2.9266343 15.0213703
2.0694577 5.8531127 15.0213719
7.2428901 2.9265735 15.0142074
3.1041352 0.0000072 15.0141762

Crystal Axes: 
6.208198 0.000000 0.000000
2.069389 5.853149 0.000000
0.000000 0.000000 25.068969
