Order: 
['Zn', 'Zn', 'Ag', 'Ag', 'Zn', 'Zn', 'Ag', 'Ag', 'Zn', 'Zn', 'Ag', 'Ag'] 
Coordinates: 
0.0000000 0.0000000 10.0000000
3.7956330 2.6052538 10.0000000
2.7919161 0.0000000 10.0000000
1.0037169 2.6052538 10.0000000
5.5838321 3.8326414 12.2980138
1.7881991 1.2273875 12.2980138
2.7919161 3.8326414 12.2980138
4.5801152 1.2273875 12.2980138
3.5760007 2.4544903 14.7845929
7.3716474 5.0597748 14.7845915
6.3736427 2.4584310 14.6901113
4.5854402 5.0636847 14.6901103

Crystal Axes: 
5.583832 0.000000 0.000000
2.007434 5.210508 0.000000
0.000000 0.000000 24.596028
