Order: 
['Zn', 'Zn', 'Au', 'Au', 'Zn', 'Zn', 'Au', 'Au', 'Zn', 'Zn', 'Au', 'Au'] 
Coordinates: 
0.0000000 0.0000000 10.0000000
3.7707555 2.6036399 10.0000000
2.7842614 0.0000000 10.0000000
0.9864941 2.6036399 10.0000000
5.5685227 3.8449664 12.2886785
1.7977673 1.2413265 12.2886785
2.7842614 3.8449664 12.2886785
4.5820287 1.2413265 12.2886785
3.5986690 2.4848464 14.7243931
7.3694293 5.0884075 14.7243863
6.3927426 2.4915722 14.6559156
4.5949882 5.0952278 14.6559271

Crystal Axes: 
5.568523 0.000000 0.000000
1.972988 5.207280 0.000000
0.000000 0.000000 24.577357
