Order: 
['Zn', 'Zn', 'W', 'W', 'Zn', 'Zn', 'W', 'W', 'Zn', 'Zn', 'W', 'W'] 
Coordinates: 
0.0000000 0.0000000 10.0000000
2.6749106 0.0000000 10.0000000
1.3374553 2.5116008 10.0000000
-1.3374553 2.5116008 10.0000000
2.6749106 1.4244196 12.2641059
0.0000000 1.4244196 12.2641059
-1.3374553 3.9360204 12.2641059
1.3374553 3.9360204 12.2641059
0.0000089 2.8087734 14.6981207
2.6749357 2.8087718 14.6980995
4.0123877 0.2846256 14.4432084
1.3374778 0.2846241 14.4431985

Crystal Axes: 
5.349821 0.000000 0.000000
-2.674911 5.023202 0.000000
0.000000 0.000000 24.528212
