Order: 
['Zr', 'Zr', 'W', 'W', 'Zr', 'Zr', 'W', 'W', 'Zr', 'Zr', 'W', 'W'] 
Coordinates: 
0.0000000 0.0000000 10.0000000
2.7834586 0.0000000 10.0000000
1.3917293 2.8334783 10.0000000
-1.3917293 2.8334783 10.0000000
2.7834586 1.3671609 12.4245645
-0.0000000 1.3671609 12.4245645
-1.3917293 4.2006393 12.4245645
1.3917293 4.2006393 12.4245645
-0.0000021 2.9156299 14.9833667
2.7834516 2.9156036 14.9833641
1.3917164 5.5935275 14.6267808
-1.3916993 5.5935313 14.6267783

Crystal Axes: 
5.566917 0.000000 0.000000
-2.783459 5.666957 0.000000
0.000000 0.000000 24.849129
