Order: 
['Zr', 'Zr', 'Os', 'Os', 'Zr', 'Zr', 'Os', 'Os', 'Zr', 'Zr', 'Os', 'Os'] 
Coordinates: 
0.0000000 0.0000000 10.0000000
3.7988161 2.6819277 10.0000000
2.8461157 0.0000000 10.0000000
0.9527005 2.6819277 10.0000000
5.6922313 4.0186606 12.3250551
1.8934152 1.3367329 12.3250551
2.8461157 4.0186606 12.3250551
4.7395308 1.3367329 12.3250551
3.7907721 2.6762494 14.6939778
7.5895874 5.3581769 14.6939766
6.6339563 2.6741789 14.4884559
4.7405408 5.3561056 14.4884560

Crystal Axes: 
5.692231 0.000000 0.000000
1.905401 5.363855 0.000000
0.000000 0.000000 24.650110
