Order: 
['Zr', 'Zr', 'Re', 'Re', 'Zr', 'Zr', 'Re', 'Re', 'Zr', 'Zr', 'Re', 'Re'] 
Coordinates: 
0.0000000 0.0000000 10.0000000
3.8139225 2.6950172 10.0000000
2.8591460 0.0000000 10.0000000
0.9547766 2.6950172 10.0000000
5.7182920 4.0406943 12.3350098
1.9043694 1.3456771 12.3350098
2.8591460 4.0406943 12.3350098
4.7635154 1.3456771 12.3350098
3.8100609 2.6922840 14.6883081
7.6239963 5.3873161 14.6883157
6.6680541 2.6915095 14.5683851
4.7637259 5.3864827 14.5683876

Crystal Axes: 
5.718292 0.000000 0.000000
1.909553 5.390034 0.000000
0.000000 0.000000 24.670020
