Order: 
['Zr', 'Zr', 'Pt', 'Pt', 'Zr', 'Zr', 'Pt', 'Pt', 'Zr', 'Zr', 'Pt', 'Pt'] 
Coordinates: 
0.0000000 0.0000000 10.0000000
3.8127497 2.7696195 10.0000000
2.9123145 0.0000000 10.0000000
0.9004353 2.7696195 10.0000000
5.8246290 4.2310686 12.3526492
2.0118792 1.4614491 12.3526492
2.9123145 4.2310686 12.3526492
4.9241937 1.4614491 12.3526492
3.9494037 2.8688806 14.6999077
0.1366271 0.0992557 14.6999068
1.0393546 2.8705103 14.5027408
3.0512118 0.1009202 14.5027354

Crystal Axes: 
5.824629 0.000000 0.000000
1.800871 5.539239 0.000000
0.000000 0.000000 24.705298
