Order: 
['Zr', 'Zr', 'Hf', 'Hf', 'Zr', 'Zr', 'Hf', 'Hf', 'Zr', 'Zr', 'Hf', 'Hf'] 
Coordinates: 
0.0000000 0.0000000 10.0000000
3.1835621 0.0000000 10.0000000
1.5917811 2.7570713 10.0000000
-1.5917811 2.7570713 10.0000000
3.1835621 1.8380134 12.5993797
-0.0000000 1.8380134 12.5993797
-1.5917811 4.5950847 12.5993797
1.5917811 4.5950847 12.5993797
0.0000113 3.6951813 15.0894344
3.1835531 3.6951908 15.0894470
4.7752051 0.9007493 15.0712989
1.5919182 0.9007640 15.0713094

Crystal Axes: 
6.367124 0.000000 0.000000
-3.183562 5.514143 0.000000
0.000000 0.000000 25.198759
