Order: 
['Zr', 'Zr', 'Rh', 'Rh', 'Zr', 'Zr', 'Rh', 'Rh', 'Zr', 'Zr', 'Rh', 'Rh'] 
Coordinates: 
0.0000000 0.0000000 10.0000000
3.8611472 2.6823170 10.0000000
2.8622688 0.0000000 10.0000000
0.9988785 2.6823170 10.0000000
5.7245375 3.9768036 12.3492826
1.8633903 1.2944866 12.3492826
2.8622688 3.9768036 12.3492826
4.7256591 1.2944866 12.3492826
3.7954983 2.6367125 14.7126777
7.6566471 5.3190286 14.7126764
6.6596736 2.6380344 14.4782758
4.7962813 5.3203519 14.4782758

Crystal Axes: 
5.724538 0.000000 0.000000
1.997757 5.364634 0.000000
0.000000 0.000000 24.698565
