Order: 
['Zr', 'Zr', 'Nb', 'Nb', 'Zr', 'Zr', 'Nb', 'Nb', 'Zr', 'Zr', 'Nb', 'Nb'] 
Coordinates: 
0.0000000 0.0000000 10.0000000
2.8856530 0.0000000 10.0000000
1.4428265 2.8598620 10.0000000
-1.4428265 2.8598620 10.0000000
2.8856530 1.4558383 12.4914911
0.0000000 1.4558383 12.4914911
-1.4428265 4.3157002 12.4914911
1.4428265 4.3157002 12.4914911
0.0000186 3.0011908 15.0561672
2.8856713 3.0012177 15.0561710
4.3283902 0.0155793 14.7693476
1.4427138 0.0155792 14.7693456

Crystal Axes: 
5.771306 0.000000 0.000000
-2.885653 5.719724 0.000000
0.000000 0.000000 24.982982
