Order: 
['Zr', 'Zr', 'Mo', 'Mo', 'Zr', 'Zr', 'Mo', 'Mo', 'Zr', 'Zr', 'Mo', 'Mo'] 
Coordinates: 
0.0000000 0.0000000 10.0000000
3.8649773 2.7340352 10.0000000
2.8994993 0.0000000 10.0000000
0.9654780 2.7340352 10.0000000
5.7989986 4.1021369 12.3671176
1.9340213 1.3681017 12.3671176
2.8994993 4.1021369 12.3671176
4.8335206 1.3681017 12.3671176
3.8670909 2.7355395 14.7134750
0.0021037 0.0014839 14.7134752
0.9681892 2.7359512 14.6343841
2.9022062 0.0019197 14.6343886

Crystal Axes: 
5.798999 0.000000 0.000000
1.930956 5.468070 0.000000
0.000000 0.000000 24.734235
