Order: 
['Zr', 'Zr', 'Cd', 'Cd', 'Zr', 'Zr', 'Cd', 'Cd', 'Zr', 'Zr', 'Cd', 'Cd'] 
Coordinates: 
0.0000000 0.0000000 10.0000000
3.1419287 0.0000000 10.0000000
1.5709643 2.7236312 10.0000000
-1.5709643 2.7236312 10.0000000
3.1419287 1.8122343 12.5666170
0.0000000 1.8122343 12.5666170
-1.5709643 4.5358655 12.5666170
1.5709643 4.5358655 12.5666170
0.0000012 3.6045886 15.0417425
3.1419320 3.6045591 15.0417529
4.7129212 0.8764970 15.2601501
1.5709612 0.8765052 15.2601407

Crystal Axes: 
6.283857 0.000000 0.000000
-3.141929 5.447262 0.000000
0.000000 0.000000 25.133234
