Order: 
['Zr', 'Zr', 'Ag', 'Ag', 'Zr', 'Zr', 'Ag', 'Ag', 'Zr', 'Zr', 'Ag', 'Ag'] 
Coordinates: 
0.0000000 0.0000000 10.0000000
3.0288055 0.0000000 10.0000000
1.5144027 2.6802450 10.0000000
-1.5144027 2.6802450 10.0000000
3.0288055 1.7113478 12.4989901
-0.0000000 1.7113478 12.4989901
-1.5144027 4.3915928 12.4989901
1.5144027 4.3915928 12.4989901
-0.0000010 3.4400861 14.8835439
3.0288057 3.4400855 14.8835434
4.5432084 0.7590102 15.0219268
1.5144021 0.7590124 15.0219280

Crystal Axes: 
6.057611 0.000000 0.000000
-3.028805 5.360490 0.000000
0.000000 0.000000 24.997980
