Order: 
['Zr', 'Zr', 'Ta', 'Ta', 'Zr', 'Zr', 'Ta', 'Ta', 'Zr', 'Zr', 'Ta', 'Ta'] 
Coordinates: 
0.0000000 0.0000000 10.0000000
2.8917017 0.0000000 10.0000000
1.4458508 2.8604506 10.0000000
-1.4458508 2.8604506 10.0000000
2.8917017 1.4616471 12.4951005
-0.0000000 1.4616471 12.4951005
-1.4458508 4.3220977 12.4951005
1.4458508 4.3220977 12.4951005
0.0000114 3.0686729 15.0192998
2.8916983 3.0686825 15.0192871
4.3375232 0.1032862 14.7904407
1.4458388 0.1032905 14.7904619

Crystal Axes: 
5.783403 0.000000 0.000000
-2.891702 5.720901 0.000000
0.000000 0.000000 24.990201
