Order: 
['Zr', 'Zr', 'Au', 'Au', 'Zr', 'Zr', 'Au', 'Au', 'Zr', 'Zr', 'Au', 'Au'] 
Coordinates: 
0.0000000 0.0000000 10.0000000
4.4202059 2.6695182 10.0000000
3.0162110 0.0000000 10.0000000
1.4039949 2.6695182 10.0000000
6.0324221 3.6431924 12.4856158
1.6122161 0.9736742 12.4856158
3.0162110 3.6431924 12.4856158
4.6284272 0.9736742 12.4856158
3.2338689 1.9530492 14.8684749
7.6540782 4.6225688 14.8684780
6.2612493 1.9597949 14.9618768
4.6490496 4.6293238 14.9618617

Crystal Axes: 
6.032422 0.000000 0.000000
2.807990 5.339036 0.000000
0.000000 0.000000 24.971232
