Order: 
['Zr', 'Zr', 'Y', 'Y', 'Zr', 'Zr', 'Y', 'Y', 'Zr', 'Zr', 'Y', 'Y'] 
Coordinates: 
0.0000000 0.0000000 10.0000000
3.3137915 0.0000000 10.0000000
1.6568958 2.9727457 10.0000000
-1.6568958 2.9727457 10.0000000
3.3137915 1.8469817 12.7513402
0.0000000 1.8469817 12.7513402
-1.6568958 4.8197275 12.7513402
1.6568958 4.8197275 12.7513402
-0.0000014 3.6460840 15.2583379
3.3137781 3.6460906 15.2583442
4.9706882 0.7818528 15.5367631
1.6568877 0.7818579 15.5367898

Crystal Axes: 
6.627583 0.000000 0.000000
-3.313792 5.945491 0.000000
0.000000 0.000000 25.502680
