Order: 
['Zr', 'Zr', 'Ir', 'Ir', 'Zr', 'Zr', 'Ir', 'Ir', 'Zr', 'Zr', 'Ir', 'Ir'] 
Coordinates: 
0.0000000 0.0000000 10.0000000
4.0367914 2.6282906 10.0000000
2.8740148 0.0000000 10.0000000
1.1627766 2.6282906 10.0000000
5.7480296 3.7424506 12.3804536
1.7112382 1.1141600 12.3804536
2.8740148 3.7424506 12.3804536
4.5852530 1.1141600 12.3804536
3.7416199 2.4361109 14.7718770
7.7784171 5.0644005 14.7718836
6.6249066 2.4421467 14.5589804
4.9136695 5.0704370 14.5589795

Crystal Axes: 
5.748030 0.000000 0.000000
2.325553 5.256581 0.000000
0.000000 0.000000 24.760907
