Order: 
['Zr', 'Zr', 'Ru', 'Ru', 'Zr', 'Zr', 'Ru', 'Ru', 'Zr', 'Zr', 'Ru', 'Ru'] 
Coordinates: 
0.0000000 0.0000000 10.0000000
3.7848934 2.6746686 10.0000000
2.8375000 0.0000000 10.0000000
0.9473934 2.6746686 10.0000000
5.6750000 4.0103492 12.3172849
1.8901066 1.3356806 12.3172849
2.8375000 4.0103492 12.3172849
4.7276066 1.3356806 12.3172849
3.7818399 2.6725110 14.6671284
7.5667315 5.3471784 14.6671271
6.6183359 2.6718020 14.4675882
4.7282297 5.3464693 14.4675913

Crystal Axes: 
5.675000 0.000000 0.000000
1.894787 5.349337 0.000000
0.000000 0.000000 24.634570
