Order: 
['Zr', 'Zr', 'Pd', 'Pd', 'Zr', 'Zr', 'Pd', 'Pd', 'Zr', 'Zr', 'Pd', 'Pd'] 
Coordinates: 
0.0000000 0.0000000 10.0000000
4.0961335 2.6765838 10.0000000
2.9225623 0.0000000 10.0000000
1.1735712 2.6765838 10.0000000
5.8451246 3.8194473 12.4203231
1.7489911 1.1428635 12.4203231
2.9225623 3.8194473 12.4203231
4.6715534 1.1428635 12.4203231
3.7177333 2.4293219 14.8119418
7.8138697 5.1059053 14.8119385
6.6336118 2.4249535 14.7258171
4.8846212 5.1015362 14.7258174

Crystal Axes: 
5.845125 0.000000 0.000000
2.347142 5.353168 0.000000
0.000000 0.000000 24.840646
