Order: 
['Zr', 'Zr', 'Hg', 'Hg', 'Zr', 'Zr', 'Hg', 'Hg', 'Zr', 'Zr', 'Hg', 'Hg'] 
Coordinates: 
0.0000000 0.0000000 10.0000000
4.6166255 2.7380901 10.0000000
3.1202843 0.0000000 10.0000000
1.4963412 2.7380901 10.0000000
6.2405686 3.7012400 12.5630996
1.6239431 0.9631499 12.5630996
3.1202843 3.7012400 12.5630996
4.7442274 0.9631499 12.5630996
3.2370042 1.9198438 15.0131341
7.8536227 4.6579336 15.0131331
6.3561428 1.9191624 15.2776226
4.7321986 4.6572550 15.2776304

Crystal Axes: 
6.240569 0.000000 0.000000
2.992682 5.476180 0.000000
0.000000 0.000000 25.126199
