Order: 
['Zr', 'Zr', 'Tc', 'Tc', 'Zr', 'Zr', 'Tc', 'Tc', 'Zr', 'Zr', 'Tc', 'Tc'] 
Coordinates: 
0.0000000 0.0000000 10.0000000
3.8029919 2.6884984 10.0000000
2.8518035 0.0000000 10.0000000
0.9511885 2.6884984 10.0000000
5.7036069 4.0321248 12.3286673
1.9006150 1.3436264 12.3286673
2.8518035 4.0321248 12.3286673
4.7524185 1.3436264 12.3286673
3.8019422 2.6877582 14.6316871
7.6049239 5.3762473 14.6316841
6.6532239 2.6873865 14.5581623
4.7526092 5.3758872 14.5581548

Crystal Axes: 
5.703607 0.000000 0.000000
1.902377 5.376997 0.000000
0.000000 0.000000 24.657335
